BAC009S0764W0121  [
  13.72645 -18.44713 10.56679 9.807516 12.30524 13.80353 6.403662 2.052646 20.2373 14.3599 21.20356 12.30582 6.052794 0.5122147 2.97383 -0.1383018 -4.166415 5.954274 4.114204 -0.03437376 
  12.86974 -13.46527 19.29209 10.00526 11.02943 6.101365 4.123697 -7.329433 -2.546929 5.955268 13.95323 11.66031 11.72503 11.37018 4.703113 0.3136024 -5.286023 -3.040253 5.07358 6.57536 
  13.15531 -11.87587 12.52197 5.654795 -17.4775 -7.335291 21.79342 12.27967 -3.81272 7.922309 23.01615 14.88789 -3.768779 2.905424 10.32328 1.368045 -1.767256 -4.515429 1.843628 -0.2662942 
  12.36999 -14.17167 2.746043 5.06155 -45.10065 -13.12714 11.53358 2.904898 -26.92276 0.9482546 20.29727 3.771518 -19.13501 -0.9868355 27.61611 15.42466 15.31523 5.649376 1.403369 3.792314 
  13.44088 -15.76107 8.39436 6.445789 -22.21089 -20.94613 -13.75883 -4.315037 -9.534321 9.174063 23.01615 5.028234 7.470853 12.36603 24.58987 7.028019 8.502229 15.71101 10.63796 5.705658 
  14.36899 -12.22907 3.18053 4.666052 -8.289179 -11.38958 -1.540443 1.200394 -1.281139 1.48472 12.14064 14.88789 -2.068981 10.87225 11.18792 18.36349 16.33718 11.44244 8.33546 5.183837 
  12.94113 -12.75887 -0.5125999 2.688566 -9.402916 -9.072845 -9.021091 8.444535 -1.281139 -9.366589 -10.30864 9.740919 -5.043627 -3.535218 7.297038 9.547012 14.97458 11.44244 11.40546 5.821619 
  11.65606 -15.23127 4.266744 1.897572 -9.959784 -18.62939 -9.021091 -5.319836 -7.488621 -4.05876 -3.355455 2.98607 -10.14302 0.5122147 -4.31679 8.707348 10.54613 3.176558 5.649206 6.923241 
  14.29759 -13.64187 5.135715 5.457047 1.177582 -1.253853 -3.535284 -2.634739 12.64256 -6.719776 -11.20007 8.955473 1.755564 12.36603 6.000075 11.64617 23.15019 12.35713 2.283888 2.168871 
  14.29759 -13.81847 0.1391287 5.259298 10.17889 -1.833038 0.7037506 -1.782487 -0.01534853 3.094117 6.249746 -5.496765 5.580109 8.880545 8.161679 7.447851 18.04044 15.40612 9.102962 5.995559 
  12.08442 -10.99287 -2.685029 3.281813 17.40846 -0.3850784 -5.031412 -2.208613 7.579394 3.27294 8.515476 7.855846 5.296808 -2.785693 -0.9157333 9.547012 15.99654 1.596013 2.47257 7.716048 
  12.72695 -15.40787 -3.119514 -0.8709087 6.776737 -1.833038 0.20504 -2.634739 -1.281139 0.2329664 2.624578 7.384577 8.416224 -1.886264 5.135434 13.3255 17.69979 0.9637947 6.032957 5.647678 
  14.01202 -15.58447 -9.202316 6.248041 15.70739 -1.543446 0.7037506 2.478772 2.516233 6.670556 9.874913 20.05201 -3.06053 -6.833126 8.594 17.10399 6.117677 -1.670447 0.6486392 -0.4982147 
  13.44088 -10.63967 -3.771243 2.886315 19.96008 3.350592 1.843733 -0.07798331 -1.914034 -5.661053 18.03154 20.69753 -3.485479 5.892985 14.64649 15.8445 7.480278 0.01546764 -0.3576672 4.372115 
  12.79835 -21.20731 -14.09634 0.5133314 20.81062 2.800438 -1.789799 2.052646 14.54124 2.915296 11.6875 15.5334 5.155159 -12.0798 1.676868 11.64617 3.392475 2.438971 -3.56527 -1.236208 
  13.36949 -17.52707 -9.202316 11.38951 16.55793 -4.149776 -1.789799 -1.356361 0.6175468 1.842364 1.458286 7.541666 7.943539 -1.586454 4.703113 9.547012 1.431622 12.96693 -3.87974 -1.482205 
  13.51227 -14.70147 -11.1575 10.40076 19.10954 -3.281 -11.51464 -3.48699 16.43993 12.7505 8.062329 20.05201 6.525481 -9.681319 -7.717844 0.7655058 14.29328 4.124886 -2.747646 -6.648158 
  12.86974 -13.28867 -9.419559 6.643538 24.21277 0.7732925 -12.01335 -12.15247 -5.07851 5.418802 -0.5028687 17.46995 15.9792 6.888838 2.541509 9.12718 5.436376 -2.934884 -1.678445 4.777976 
  13.36949 -13.64187 -10.94026 8.621025 19.10954 0.1941071 -12.51206 -10.74575 -0.01534853 -1.912896 -4.246889 20.05201 8.416224 3.403351 -0.4298687 6.188354 1.111734 4.124886 -4.543422 9.037394 
  13.65506 -18.44713 -11.59199 3.084064 12.30524 2.800438 9.253617 -8.937111 2.516233 -2.27054 -0.8594418 11.01479 3.172062 -12.67942 -13.22431 8.287516 6.798977 0.8584251 -0.4205613 3.792314 
  13.72645 -12.93547 -9.202316 2.490818 14.00631 16.5543 2.983715 -12.15247 7.579394 3.27294 -6.742904 14.24237 9.361597 -9.081699 1.244547 18.36349 10.20548 7.173867 0.7115335 -1.728204 
  11.79885 -22.12737 -17.43547 0.9088287 14.00631 1.352478 4.693688 1.626521 -6.344301 -19.42447 -16.1921 7.227488 -2.91888 -9.831224 -14.68191 7.867683 0.9517899 0.5423164 -4.257105 -1.482205 
  14.72595 -16.64407 -11.37474 12.9609 18.259 10.5026 2.983715 16.96705 3.149128 -1.912896 -3.533743 20.69753 15.9792 2.407497 3.406151 21.72215 24.17214 6.259172 -3.376587 0.7193677 
  15.19725 -19.36719 -12.84416 7.632282 21.66116 11.05276 -0.7923794 0.3481426 6.313604 1.127076 -3.17717 21.98856 25.43292 15.85152 1.676868 12.48584 14.97458 14.18652 6.992333 3.502414 
  13.36949 -17.52707 -14.51373 3.677309 18.68427 9.402292 -5.530123 -20.9947 8.845184 19.75169 9.421767 11.01479 14.08846 2.905424 3.406151 10.38668 11.56808 6.868968 4.114204 5.705658 
  14.51177 -12.93547 -14.93112 7.039036 29.74127 9.402292 4.693688 5.887779 3.149128 3.27294 1.636572 5.813682 8.888911 5.395058 1.676868 17.94366 9.86483 4.429784 5.649206 1.473109 
  15.30462 -16.46747 -14.51373 12.1805 25.91385 2.510845 -6.776897 -4.515995 -1.281139 -4.952869 -0.6811562 5.342413 6.998167 6.390912 9.458641 21.72215 18.38109 7.173867 4.497954 2.400791 
  14.72595 -11.87587 -10.72302 5.457047 24.21277 6.65152 0.7037506 -0.5041092 4.414918 6.849378 -2.464022 5.813682 10.30697 -6.383411 6.432396 21.30232 14.63393 3.808777 2.598359 2.458771 
  14.2262 -12.22907 -9.854044 -2.0574 26.33912 13.25337 0.7037506 1.626521 6.313604 9.889351 6.249746 18.11547 17.86995 -7.732555 0.8122264 15.00483 4.073775 2.017492 3.290195 3.560394 
  15.1543 -14.17167 -8.985073 0.7110806 17.83373 12.15306 0.4543953 -1.782487 8.21229 8.816419 12.59379 23.9251 11.72503 -2.186073 4.270792 18.78332 8.502229 4.124886 1.780735 4.488076 
  14.44038 -13.46527 -5.074701 0.3155832 18.259 -2.122631 4.123697 7.592283 3.149128 10.42582 -3.355455 7.698755 10.30697 -3.835028 5.135434 13.74534 7.480278 7.173867 3.922329 5.879599 
  13.01252 -12.05247 -6.160915 -0.07991409 14.85685 -5.887329 -2.537863 4.609402 13.27545 8.458775 1.814859 9.89801 15.03383 3.901278 -0.1059589 7.867683 11.90873 2.333601 1.969417 -4.434178 
  14.36899 -11.87587 -4.640215 5.259298 21.66116 1.642067 -12.2627 -5.721754 15.80703 -0.8399649 0.2102776 12.30582 11.72503 -7.432746 0.8122264 17.94366 12.59003 0.5423164 -2.558963 0.02360636 
  14.51177 -10.81627 -0.9470854 -0.6731596 19.96008 10.5026 10.3936 17.81931 19.6044 8.279953 4.437162 8.484203 4.16361 -20.03652 -13.54822 -1.494014 8.842879 10.83264 -1.363974 0.4294672 
  11.87024 -14.70147 -1.381572 -6.803367 10.17889 7.751829 -0.5430241 18.24543 16.43993 12.39286 2.624578 -6.282212 -6.176826 0.2124043 -3.345058 2.121219 -3.046808 0.647686 0.4599571 0.7193677 
  11.15632 -17.35047 -3.771243 -6.803367 11.4547 0.4836998 0.20504 -7.530394 7.579394 10.06817 0.3885651 4.556965 0.7640152 -2.036169 5.567754 12.06601 7.480278 5.03958 -9.905551 -0.2083141 
  12.72695 -17.35047 0.7908573 -5.616875 9.753621 12.15306 0.4543953 9.296786 5.680709 4.167049 5.7966 10.36928 3.88031 -6.98303 0.8122264 0.7655058 10.88678 12.05224 9.678587 5.067877 
  12.08442 -16.46747 3.832258 4.270555 12.7305 7.751829 3.553706 3.75715 -0.01534853 3.988227 -5.138324 6.28495 -3.485479 -5.783792 1.676868 -0.7408409 6.458327 -0.08990192 -4.990266 -1.974201 
  13.08392 -17.52707 8.39436 10.00526 16.13266 13.80353 5.26368 -5.520794 -3.81272 12.92932 18.93783 5.185324 7.470853 3.403351 4.270792 7.867683 2.711174 5.954274 4.497954 2.632712 
  13.36949 -17.52707 11.87024 5.852545 13.15577 12.70322 9.823608 12.70579 8.21229 -7.24914 -0.3245811 -2.354974 -1.927331 6.888838 7.729358 12.06601 2.711174 -5.253016 0.522851 0.7773479 
  12.22721 -23.96748 8.828844 7.83003 19.96008 19.30507 12.10357 9.296786 -0.6482434 2.557652 -1.216015 -0.7840786 -7.168375 -16.42704 -19.54056 0.9161406 -6.885462 5.03958 -4.194211 1.64705 
  12.79835 -23.96748 10.56679 5.654795 16.13266 27.00724 36.61319 10.57516 4.414918 4.882337 6.249746 10.36928 -9.434772 -6.533316 -10.30912 -1.343379 -0.4877052 -6.095974 -8.118175 2.284831 
  13.15531 -19.36719 11.00127 0.7110806 8.052545 4.450902 10.3936 7.166158 -6.977196 -7.778502 1.814859 10.21219 8.416224 16.34945 7.729358 7.867683 5.095726 -0.8274899 -3.691058 0.02360636 
  13.36949 -22.12737 -8.550587 10.99401 22.08643 -13.99591 -7.524961 15.26255 13.27545 13.10814 -2.820597 7.855846 21.65143 -8.48208 -4.964609 10.80651 -1.287424 6.259172 7.759834 3.212513 
  13.08392 -35.92825 -15.34851 26.04763 27.18966 -33.39859 -27.224 6.740031 24.03467 31.05204 -14.58752 18.76098 19.76069 8.880545 -12.73845 20.46265 0.4719582 -4.936908 3.101512 4.372115 
  13.72645 -47.88901 -19.93982 27.20234 18.68427 -29.3443 1.273742 1.626521 11.37677 25.0695 -3.533743 5.970771 8.416224 20.83079 -9.013484 9.547012 7.139628 -0.4060106 -5.43711 6.28546 
  14.58316 -53.40936 -21.192 23.73821 25.91385 -23.26287 -5.530123 5.035528 12.00966 17.75751 -9.060632 11.66031 26.37829 19.83493 -3.507015 12.90567 6.117677 2.122862 6.416708 9.037394 
  15.01152 -58.00966 -16.1833 36.82494 25.91385 -24.13164 -1.291088 3.75715 29.09783 21.08115 -14.23095 7.698755 15.50652 19.83493 -5.61243 14.585 3.051824 -3.145623 4.881705 5.937579 
  15.01152 -64.45007 -14.09634 27.97215 28.89073 -17.18143 2.983715 -10.54479 30.36362 21.74587 -22.58134 10.36928 6.998167 21.32871 -16.78732 7.447851 1.111734 4.124886 3.415983 7.18751 
  15.41198 -69.97042 -10.07129 27.20234 31.01708 -10.8104 3.553706 -5.721754 16.43993 29.05786 4.437162 15.5334 18.81532 9.378472 -15.00582 8.707348 6.458327 6.259172 0.7744279 2.516752 
  15.81996 -70.89048 -16.1833 19.11936 23.7875 -9.941622 -8.273027 -2.634739 14.54124 26.39895 6.249746 11.66031 16.45189 22.82249 -18.40687 14.16517 9.86483 1.806752 1.026004 4.662016 
  16.20647 -76.41084 -16.60069 24.12311 20.81062 -7.624884 -5.031412 -11.14767 9.47808 14.00225 -5.31661 -0.6269894 17.39726 21.32871 1.676868 32.63779 14.97458 16.32081 11.02171 2.168871 
  16.35678 -76.41084 -10.07129 22.58349 21.66116 -2.412224 -2.288509 -3.48699 18.33861 15.07519 11.23435 27.7982 15.03383 6.888838 -3.66897 17.52382 2.071398 3.281928 3.353088 2.574732 
  16.27089 -73.65066 -10.94026 14.50051 2.848186 -12.25836 2.413724 -4.515995 10.11098 7.922309 1.101711 13.59686 9.834283 22.82249 -8.365664 22.14198 11.22743 -6.938931 -7.447908 1.53109 
  15.79849 -64.45007 -10.50577 23.3533 8.052545 -24.71083 -5.280767 -8.133272 20.87019 15.43283 -0.6811562 9.740919 13.14309 32.78103 3.406151 12.48584 13.95263 4.124886 6.032957 9.037394 
  17.02244 -34.08813 8.177116 28.35705 -6.618574 -53.30661 -40.99255 -27.02349 -10.30146 -2.985828 -11.73493 -14.84782 -4.477028 5.395058 -5.450474 17.52382 10.54613 8.698357 2.975723 8.244586 
  18.15343 -8.167267 2.746043 9.412018 -29.17174 -49.26798 -46.16959 -36.36361 -24.10993 -7.24914 0.9234257 -0.4699001 -8.726522 -15.0779 -9.49935 -0.1383018 9.18353 -1.354338 8.719211 11.41582 
  18.37618 -1.103266 -7.029887 -5.419127 -29.45017 -29.6339 -40.41732 -29.63597 -21.5528 2.736474 -11.02179 3.14316 -19.13501 -21.84478 -17.43514 1.819949 7.480278 -4.304689 12.94047 14.05851 
  18.32049 -0.7500648 -22.44417 -15.18393 -28.89331 -31.95063 -43.86868 -21.79854 -30.75845 -9.366589 -32.88574 2.514801 -17.48903 -27.26958 -16.1395 7.028019 -4.166415 -16.01891 0.08259201 3.850294 
  18.45971 -0.3968658 -22.86156 -7.396612 -26.3874 -32.52982 -28.72013 -5.520794 -45.43932 -10.42531 -42.54612 -0.7840786 -34.49754 -18.22825 -14.358 13.74534 9.86483 -10.5727 7.567959 8.773125 
  18.62677 2.075535 -23.27896 -4.825881 -27.77957 -37.1521 -29.21884 -12.15247 -35.8727 -5.661053 -47.69832 5.813682 -22.97564 -28.62577 0.8122264 16.68416 7.820928 -8.624846 0.4599571 11.41582 
  18.68246 1.369135 -29.53983 -8.780852 -22.76776 -32.81941 -41.56777 -8.535192 -25.38849 -7.778502 -52.20649 -0.7840786 -25.17029 -37.21503 -11.28085 9.547012 -4.486303 -19.64971 -1.804233 5.589698 
  18.82168 -0.3968658 -27.87027 -5.814623 -12.46569 -33.97778 -41.56777 -4.716955 -32.03701 -16.77766 -58.00272 -11.6543 -31.75423 -29.98197 -11.92867 11.22634 7.820928 -15.11121 2.346782 5.589698 
  18.93306 -1.279865 -25.78331 2.293069 -14.69316 -36.57516 -49.62096 0.7742683 -24.87706 -8.837227 -56.71467 -7.538929 -29.55959 -24.10511 -9.49935 2.874392 10.20548 -19.95227 3.290195 7.716048 
  19.01659 1.545734 -22.86156 -3.837137 -16.08533 -35.99821 -46.16959 -10.94671 -18.99568 6.491734 -54.13857 -11.01559 -36.14353 -27.26958 -11.60476 2.121219 2.551229 -25.09591 5.07358 6.169499 
  19.07228 5.077736 -22.86156 -5.814623 -13.57943 -33.109 -43.29345 -11.14767 -30.50274 -9.366589 -59.93479 1.258085 -30.10825 -25.46131 -9.985214 -0.2889366 0.6319027 -19.34714 8.143585 8.773125 
  18.9609 4.547935 -19.52243 -1.661903 -20.54028 -35.99821 -46.16959 -9.339031 -29.22418 -8.307865 -52.85052 1.886443 -27.9136 -34.50264 -9.49935 -8.272574 -6.40563 -24.18821 3.353088 7.18751 
  18.68246 5.671716 -19.93982 2.688566 -20.81872 -35.42126 -49.04573 -16.37262 -32.03701 17.75751 -42.54612 -2.197885 -12.55107 -29.52991 -12.09063 -13.47803 -0.4877052 -24.49078 0.4599571 6.865261 
  18.34834 3.311735 -17.01808 5.654795 -26.3874 -29.05471 -38.69164 -7.530394 -34.84985 21.74587 -44.4782 14.88789 4.446911 -19.58445 -15.65364 -27.34343 -0.9675369 -17.53174 -2.370281 6.51738 
  18.20911 2.428736 -11.59199 14.88542 -38.17839 -32.81941 -34.08982 -3.060865 -51.17025 5.418802 -41.25807 5.185324 -4.618678 -32.69437 -14.03409 -26.18798 -1.447369 -17.83431 -4.005529 2.748672 
  18.45971 1.898935 -0.7298431 18.73446 -37.48617 -20.94613 -29.71755 -23.80814 -62.63211 10.06817 -52.85052 -9.581093 -8.159924 -40.83156 -12.09063 -11.73717 5.777027 -17.22917 3.101512 7.18751 
  18.68246 6.265695 -2.685029 18.73446 -34.02504 -29.3443 -28.47078 -9.94191 -50.12826 -4.237581 -54.78259 -7.381839 -10.28467 -31.33817 -10.30912 -16.94438 -7.685182 -18.43944 4.306079 5.647678 
  18.48755 8.047634 4.483986 22.19859 -39.56284 -46.38325 -40.99255 -12.55439 -44.39733 -1.197609 -53.49454 14.24237 3.738661 -39.0233 -7.231979 -17.32953 -20.96896 -21.16254 9.870462 5.473738 
  17.93068 8.047634 10.1323 10.99401 -51.33067 -50.42188 -39.84209 -9.94191 -37.40697 1.48472 -44.4782 7.541666 -20.781 -39.47536 -0.5918236 -19.64043 -25.77993 -24.18821 5.07358 -0.7442122 
  16.7433 5.671716 9.26333 1.502075 -43.71619 -35.99821 -19.494 -10.34383 -18.99568 19.08697 -35.46185 0.7868166 7.943539 -21.39271 5.135434 -3.150995 -11.52384 -26.00361 0.5857453 0.5454274 
  16.65741 10.72054 12.08749 5.654795 -31.94836 -39.45989 -22.98497 -2.634739 -19.5071 4.703515 -34.81782 5.970771 23.06949 -5.034267 -3.99288 -10.984 -3.206752 -21.16254 5.649206 13.00143 
  16.91508 2.428736 -11.59199 7.434532 8.903083 -34.26737 -27.224 -31.65426 -15.4157 8.637597 -2.642309 -9.581093 -3.910429 -7.58265 -22.74862 -11.13463 -10.24429 -11.17784 -8.341597 8.244586 
  16.82919 -27.64772 2.311558 10.20301 8.903083 -31.66104 -26.97465 -28.02829 -14.13714 5.955268 0.9234257 -15.48653 -14.19705 -14.92799 -24.34747 -1.945918 -13.12328 -6.517453 -5.883954 11.41582 
  16.82919 -32.24801 -1.598814 8.423275 -2.163628 -27.31716 -8.023672 -28.83213 -11.32431 -5.131691 -15.47895 -3.454601 -10.42632 -4.434648 -18.56883 8.707348 2.071398 -3.356362 -4.766844 6.63334 
  17.2157 -35.92825 2.311558 21.42878 2.848186 -35.99821 -24.97981 -36.36361 -17.71712 -12.54276 -25.80147 -11.01559 0.622365 -15.52761 -15.49168 7.447851 1.271679 -0.1952715 -2.684752 4.140195 
  17.4519 -23.96748 5.352959 24.50801 -5.226402 -39.45989 -26.22658 -39.05466 -36.38412 -5.131691 -20.64927 -1.255347 13.14309 -8.332175 -20.35033 11.64617 -16.4821 0.1208372 -1.678445 7.451779 
  18.09774 -12.40567 -1.381572 17.57975 -6.340139 -44.65241 -40.41732 -23.0043 -14.90428 -13.60149 -14.94409 2.357712 1.755564 -11.48018 -25.54662 0.01233292 -14.88266 -1.038229 -5.660532 3.328473 
  18.43187 -1.633065 -7.464373 12.9609 -11.35196 -44.65241 -52.49709 -37.03637 -17.97283 -22.60065 -13.33951 6.28495 5.438459 -21.84478 -24.74719 -18.09983 -19.36531 -1.881186 -4.990266 9.037394 
  18.65462 -0.7500648 -8.550587 17.57975 -14.1363 -46.38325 -54.22277 -20.59278 -24.62135 -17.30702 -1.216015 14.24237 24.01487 -12.67942 -27.54519 -24.64738 -24.9781 -7.57115 -0.7350323 14.85132 
  18.79384 4.371336 -16.60069 12.9609 -13.30099 -45.8063 -57.09891 -35.01808 -40.22938 -8.837227 -0.3245811 13.59686 11.72503 -16.12723 -30.7429 -14.24833 -20.16713 -8.519477 3.730453 10.35874 
  18.98874 5.671716 -14.51373 14.50051 -15.52847 -47.53714 -55.94846 -30.9815 -34.08271 -7.24914 15.31266 17.46995 -0.08588409 -28.17371 -25.54662 -13.86318 -19.36531 -12.08554 -2.370281 7.451779 
  19.37856 10.42355 -12.42677 9.807516 -13.85786 -45.22935 -53.07232 -22.60238 -32.29272 12.39286 1.993145 17.46995 12.19771 -29.52991 -9.985214 -18.87013 -18.83075 -4.726168 -4.766844 12.47289 
  19.657 9.235593 -13.67895 6.445789 -28.058 -49.26798 -65.15209 -35.01808 -37.15126 3.094117 -17.08353 20.05201 9.834283 -34.50264 -23.94776 -23.10678 -20.96896 -6.306714 -13.70373 7.980317 
  19.657 9.532583 -18.27026 9.21427 -27.77957 -51.57577 -68.02823 -22.40142 -37.15126 3.630583 -8.704058 11.66031 16.92457 -35.40677 -31.94204 -30.03948 -16.32215 -7.255041 -18.61901 4.951917 
  19.12796 11.31452 -16.60069 12.9609 -13.85786 -50.99882 -63.42641 -20.9947 -44.91832 1.305898 -9.773779 16.17892 18.81532 -34.05057 -29.94347 -28.88403 -21.77079 -10.87527 -11.46951 8.508856 
  18.65462 12.20549 -11.37474 10.79626 -7.453876 -46.9602 -43.29345 -7.329433 -26.15563 1.842364 -10.66521 16.82443 17.86995 -25.46131 -8.20371 -18.87013 -14.08294 -3.567101 -11.69293 8.773125 
  19.01659 16.36335 -14.51373 2.886315 -24.43836 -50.99882 -50.19618 -23.60718 -33.05986 17.75751 5.343454 11.66031 11.25234 -32.2423 -9.175439 -20.41073 -11.84372 -8.519477 -17.94875 5.705658 
  19.04443 14.58141 -15.76591 -7.001115 -22.21089 -48.69103 -40.99255 -29.63597 -13.11429 28.39313 25.73502 34.25335 25.43292 -9.231605 -0.9157333 -17.71468 -26.31448 -3.461732 -8.788441 1.357149 
  18.23696 4.547935 -9.419559 -15.18393 15.28212 -52.72966 -40.41732 -37.70913 -3.179824 5.776446 8.515476 27.7982 17.39726 12.86396 -9.49935 -11.58654 -28.45269 -6.412083 -3.313693 7.451779 
  16.57151 -0.3968658 -3.988486 -13.55186 15.70739 -48.11409 -24.97981 -30.30873 1.250442 31.05204 10.78121 1.100996 -3.485479 -2.785693 -5.288519 -4.356072 -19.09803 -5.147647 -5.213688 -0.4402346 
  16.7433 13.09646 4.266744 -5.814623 13.15577 -41.19073 -36.96595 -24.81293 6.946499 27.06368 6.702892 -3.925869 -0.2275333 -3.385313 -7.717844 -20.41073 -31.39273 -9.665001 -4.990266 7.451779 
  17.2157 14.58141 4.266744 -7.594361 4.518791 -33.97778 -38.11641 -30.9815 -0.6482434 21.08115 21.20356 1.886443 3.738661 10.87225 -4.640699 -16.55923 -20.70169 -12.3881 -2.936328 6.7493 
  16.89361 6.265695 5.352959 -23.34428 -4.112667 -45.22935 -37.54118 -48.47335 -10.55717 21.74587 18.03154 24.57062 7.943539 12.86396 -0.1059589 -15.01863 -30.05635 -6.201344 -7.447908 5.879599 
  16.67888 -11.87587 -1.598814 -15.18393 8.903083 -40.61378 -61.1255 -59.23757 -11.06859 21.08115 6.702892 9.89801 -1.927331 8.382618 1.244547 -13.86318 -27.91814 -8.308738 -8.788441 5.879599 
  16.52857 -26.72766 -6.378158 -24.16032 18.68427 -33.39859 -19.494 -35.01808 -3.81272 12.57168 7.609184 -1.412436 -12.55107 1.411644 -14.51995 -8.573844 -17.12187 -3.672471 -4.543422 3.096553 
  16.7433 -37.76836 0.1391287 -9.967344 31.86761 -30.21308 -33.51459 -36.36361 -1.281139 16.14812 -1.216015 0.4726372 1.047315 9.378472 -15.32973 -16.94438 -20.70169 -1.459708 -1.049503 7.980317 
  16.61446 -31.32795 -2.467786 -11.35158 28.89073 -30.21308 -27.47336 -47.80059 6.313604 23.07532 10.78121 3.457338 -5.185277 9.378472 -20.35033 -13.86318 -14.56277 -7.46578 -4.32 4.546056 
  16.07764 -31.32795 -10.28853 -20.89618 29.74127 -10.23121 -14.75625 -39.72742 0.6175468 26.39895 17.57839 -8.324376 -24.07297 7.386765 -14.03409 13.74534 -10.24429 0.01546764 -3.691058 4.951917 
  15.86291 -29.48783 -17.01808 -23.34428 24.63804 -1.543446 -24.23174 -45.10954 -26.66705 12.39286 9.874913 9.269651 -28.46226 6.390912 -9.661304 23.40148 -12.4835 0.5423164 -5.213688 1.473109 
  15.58376 -25.8076 -21.60939 -32.32067 18.259 -5.597738 -8.522381 -28.43021 -9.790031 25.0695 -9.417205 6.442039 -15.29438 1.411644 -12.57649 7.028019 -4.166415 11.74734 -2.370281 2.922612 
  15.4764 -23.96748 -21.60939 -28.24049 14.00631 -5.308146 -0.04431343 -20.39182 -21.5528 -12.0134 -11.55665 7.384577 -11.27622 -13.57885 -31.94204 -3.00036 -18.56348 11.44244 -1.930021 6.169499 
  15.21872 -24.88754 -25.78331 -36.40085 11.87997 1.352478 0.20504 -23.40622 -21.5528 -1.197609 3.984016 28.44371 -8.443223 -9.231605 -27.9449 1.669314 -12.16361 7.173867 -1.804233 5.531718 
  15.17578 -19.36719 -18.27026 -24.97635 17.83373 -0.09548569 2.983715 -24.21006 -18.22854 15.43283 9.421767 13.59686 -4.477028 14.85567 -17.27319 6.188354 -6.245687 11.13754 1.340475 5.879599 
  16.67888 -6.401267 -8.333344 -20.89618 10.60416 -9.072845 -9.769156 -40.40019 -42.83435 -16.77766 -6.564617 10.36928 -5.893526 13.85981 -18.56883 2.271852 -5.126079 12.35713 7.95171 8.773125 
  17.49485 5.968705 -4.205729 -21.71221 2.291321 -26.73797 -45.01913 -65.29244 -40.22938 -14.13085 -2.107449 5.813682 -0.5108337 -8.631985 -23.94776 -9.477652 -9.444565 21.19918 14.66734 12.73716 
  17.93068 10.42355 2.094315 -14.3679 -13.02256 -17.18143 -40.99255 -43.09124 -49.60727 -10.42531 16.21896 -3.297511 -9.859721 -19.13238 -23.14833 -16.55923 -18.02893 4.429784 1.277581 7.18751 
  18.40402 13.09646 6.22193 -13.55186 -22.48932 -16.02306 -40.99255 -58.5648 -48.56528 -7.24914 19.39098 -10.37689 -6.460125 -23.65305 -21.14976 -2.548457 -18.83075 -3.777841 -2.05581 8.244586 
  18.57108 13.09646 4.483986 -11.35158 -24.99523 -12.54795 -49.04573 -61.92862 -58.98515 -0.3034992 19.84413 -18.04135 -5.751876 -22.29685 -21.14976 -4.958611 -20.16713 -6.201344 -4.543422 15.37985 
  18.73815 11.61151 4.266744 -10.16509 -26.3874 -22.39409 -52.49709 -49.81888 -42.31335 5.597624 10.78121 -21.87358 -3.06053 -13.27904 -24.34747 -10.53209 -27.65086 -8.624846 -0.2318788 15.37985 
  18.82168 9.532583 4.049501 2.293069 -32.64059 -27.31716 -63.42641 -39.72742 -49.60727 17.39987 4.437162 -28.89934 3.030412 -20.03652 -15.32973 -1.795283 -20.70169 -15.41377 4.114204 15.11558 
  18.84953 2.958536 4.483986 21.04388 -47.86955 -32.81941 -58.82459 -25.0139 -34.08271 17.39987 5.7966 -18.68006 -2.068981 -24.10511 -13.38627 -10.68273 -27.11631 -8.940956 -2.05581 12.20862 
  18.73815 1.192535 10.56679 28.35705 -61.71406 -41.76768 -46.16959 -20.19086 -37.15126 7.743487 -1.216015 -15.48653 -4.335379 -19.58445 -9.013484 -9.025747 -31.92728 -11.17784 5.841082 11.41582 
  18.62677 -4.282066 11.87024 14.50051 -56.17625 -34.84432 -49.04573 -29.03309 -41.27137 10.60464 5.7966 -12.93171 -8.584873 -19.58445 -28.74433 -9.025747 -23.10717 -8.097998 -6.55422 4.662016 
  18.40402 -12.05247 20.6108 8.225527 -42.33175 -33.109 -50.19618 -33.67255 -45.43932 15.07519 13.04694 -4.082959 -7.593324 -16.12723 -30.34318 -11.58654 -26.31448 0.9637947 -7.447908 5.647678 
  18.09774 -22.12737 32.91876 18.73446 -34.71726 -39.45989 -48.4705 -41.74572 -38.42982 1.305898 23.01615 -3.140422 -11.70117 -9.831224 -30.34318 -15.78893 -31.39273 -2.302665 -4.194211 12.47289 
  17.95852 -30.40789 39.51231 16.04013 -31.25614 -46.38325 -40.99255 -38.3819 -48.04428 4.345871 15.31266 -10.37689 -7.168375 -2.485884 -31.94204 -22.33648 -28.71997 4.734682 3.290195 10.62301 
  17.70958 -34.08813 39.07274 11.98275 -26.10896 -43.49852 -44.44391 -41.74572 -56.90118 2.557652 14.40637 -5.182586 -8.018273 -4.134837 -25.54662 -21.56618 -25.24538 3.176558 1.214687 7.18751 
  17.4519 -39.60848 43.90801 15.65523 -34.71726 -33.109 -39.84209 -43.76401 -35.36127 5.597624 8.062329 10.0551 -3.62713 -11.92989 -20.02642 -18.09983 -30.85818 5.649376 -3.187905 15.11558 
  17.06539 -42.36866 43.90801 13.3458 -28.89331 -28.47553 -30.71497 -48.47335 -36.12841 3.988227 6.249746 20.69753 -6.885075 -6.233506 -12.73845 -12.33971 -27.91814 9.613051 -0.5463498 16.43693 
  16.76477 -46.04889 33.35833 6.841288 -29.72861 -29.92349 -28.96949 -53.85546 -41.27137 4.345871 -4.246889 13.59686 -15.84304 -7.282841 -15.32973 -26.18798 -29.78907 6.56407 -5.213688 8.244586 
  16.52857 -46.04889 37.31446 11.38951 -19.98341 -21.52531 -26.47594 -44.43677 -32.54844 16.50576 7.156038 -1.255347 1.755564 -2.335979 -19.54056 -16.94438 -22.03807 3.071189 -3.87974 6.7493 
  16.4212 -43.28872 30.72091 13.3458 -19.70498 -22.68368 -17.00045 -27.02349 -28.71275 23.07532 -5.31661 7.541666 23.06949 0.2124043 -17.5971 -22.72163 -28.98724 12.96693 -2.81054 5.647678 
  17.30159 -35.00819 30.28134 9.807516 -19.42654 -38.88294 -35.8155 -34.34532 -48.04428 -6.190414 -16.01381 -2.354974 -13.64839 -8.332175 -16.1395 5.73645 -9.124678 16.9306 -4.32 11.15155 
  17.85989 -23.96748 23.68779 11.38951 -31.94836 -49.84492 -49.62096 -36.36361 -39.70839 4.703515 -8.882345 -13.57042 -7.593324 -10.13103 -12.25258 3.928835 -2.407032 23.33347 10.63796 21.45804 
  17.90283 -15.40787 15.56337 14.11561 -41.63952 -42.92157 -37.54118 -22.60238 -46.4813 17.75751 2.171432 -1.098258 -12.55107 -17.77618 -20.18838 -2.247188 -11.52384 14.79632 2.409676 19.07962 
  17.95852 -9.756667 2.094315 6.445789 -42.33175 -34.26737 -28.72013 -20.79374 -36.89555 13.28697 -19.04469 -11.01559 -13.64839 -12.67942 -21.94919 2.422487 -20.16713 9.91795 -3.376587 14.32278 
  17.95852 -5.871467 -10.28853 9.21427 -39.56284 -32.52982 -15.75367 -17.37742 -33.827 -2.807006 -34.17379 -6.753481 -23.52431 -11.63008 1.244547 9.547012 -22.03807 10.83264 -3.439481 9.565932 
  18.09774 -4.988466 -19.93982 1.897572 -45.10065 -32.81941 -9.519802 -8.736153 -27.17848 0.4117885 -32.88574 -2.040795 -29.55959 -12.67942 -3.830925 2.121219 -24.17628 5.954274 -2.999222 2.574732 
  17.95852 -3.399066 -31.2094 2.886315 -45.79287 -31.37145 -17.49916 -6.726553 -34.08271 -6.719776 -39.97002 -7.696018 -26.26761 -16.12723 -5.126564 1.368045 -15.36249 7.173867 -0.6092439 -0.9902105 
  17.90283 -2.162866 -38.30506 -0.2776623 -38.17839 -30.79226 -12.76142 0.7742683 -24.10993 -5.661053 -32.24172 13.59686 -23.52431 -12.97923 -13.71018 -5.86242 -16.00227 -1.248968 -3.753952 -0.150334 
  17.38748 -3.575666 -36.2181 -3.639389 -31.25614 -30.79226 -12.76142 0.3481426 -18.22854 5.597624 -35.46185 22.63407 -22.42698 -9.681319 -29.94347 -4.657342 -19.09803 -6.095974 6.608583 4.256155 
  17.49485 -4.282066 -33.29636 -9.571847 -20.26185 -23.26287 -15.00561 6.740031 -40.75037 -8.837227 -40.61404 14.24237 -27.36494 -11.63008 -23.14833 -4.506707 -7.20535 4.124886 -0.3576672 4.198175 
  17.64516 -1.986265 -30.79201 -16.816 -23.60306 -39.45989 -25.47852 -19.38702 -54.8172 -2.628184 -39.32599 5.342413 -36.14353 -23.20098 -21.14976 -3.6029 -9.764453 -3.567101 1.088899 -2.958192 
  17.55927 -0.9266663 -31.62679 -18.44807 -27.77957 -41.76768 -19.99271 0.7742683 -34.59414 12.39286 -19.75784 12.30582 -17.48903 -16.12723 -14.19604 -14.24833 -21.50352 -4.936908 2.032311 -5.418169 
  17.19423 -3.222466 -29.53983 -12.14258 -30.56391 -33.109 -19.99271 12.27967 -23.85422 15.43283 -24.51342 6.599129 -8.868172 -7.132936 5.567754 -14.63348 -8.484901 -3.356362 3.353088 -3.204189 
  16.63593 -4.105466 -21.60939 -2.650646 -18.86968 -40.61378 -34.66504 -1.782487 -34.84985 10.24699 -23.22537 -5.968033 -26.26761 -20.94065 13.34953 -4.356072 -9.124678 -10.5727 4.68983 -0.9902105 
  16.63593 -5.694866 -17.43547 -1.266406 -17.75594 -38.306 -28.22142 3.75715 -40.22938 12.21404 -23.86939 -14.20912 -6.318476 -3.835028 1.244547 -13.09288 -11.20395 -12.69067 2.47257 2.516752 
  16.33531 -2.516066 -10.07129 -5.023629 -20.81872 -45.22935 -20.49142 22.93282 -42.83435 13.82343 -23.86939 -2.826242 18.34263 10.37433 15.94345 -5.56115 -17.28182 -14.2035 -0.2947731 4.893937 
  16.44268 0.1329346 -13.26155 -16.816 -37.48617 -34.84432 -3.285929 11.00129 -56.38018 -1.555253 -17.26182 3.928607 6.998167 17.84323 23.72523 -6.464958 -24.9781 -6.833562 6.800458 5.937579 
  16.61446 4.547935 -9.419559 -12.73582 -34.02504 -40.61378 -17.00045 -7.329433 -69.92602 0.05414486 -38.68197 -2.354974 -5.893526 -8.032365 15.51113 -20.02558 -25.24538 -18.43944 7.184208 -4.680176 
  16.80772 8.047634 1.225344 3.677309 -26.3874 -55.03745 -32.93936 6.740031 -55.85919 -0.1246772 -22.58134 -8.481466 -11.41787 -0.9868355 19.83434 -16.55923 -18.56348 -16.92661 2.220994 -5.418169 
  16.61446 10.12656 1.008101 7.039036 -14.69316 -41.76768 -22.98497 0.7742683 -57.42217 -0.3034992 -36.74989 -8.481466 6.525481 18.83908 20.26666 -20.41073 -21.50352 -12.99324 1.843628 -4.188181 
  15.92733 9.829573 9.046087 7.236784 -14.9716 -34.84432 -20.49142 -5.721754 -41.79236 11.67757 -19.57955 -8.167287 -5.751876 -1.886264 21.1313 -22.33648 -19.63258 -6.517453 -2.81054 -5.910165 
  16.07764 13.39345 13.60819 0.3155832 -17.75594 -38.88294 -14.5069 9.296786 -15.4157 -12.0134 -10.48693 -4.868407 -17.48903 -14.17847 12.91721 -19.25528 -31.39273 -10.87527 -7.894753 -8.61614 
  16.24942 16.06636 23.68779 9.412018 -10.79509 -38.306 -14.00819 -4.716955 -25.38849 -17.30702 -13.16123 -5.339675 -15.84304 -6.98303 18.9697 -7.670036 -24.44355 -19.95227 -3.942635 0.8933082 
  16.22795 12.50248 24.12736 10.59851 -14.41473 -34.84432 -21.73819 -20.19086 -15.67142 -16.2483 -9.417205 -3.454601 -11.70117 -12.97923 10.32328 3.7782 -7.045406 -15.41377 -1.049503 -2.712194 
  15.36903 3.664936 12.08749 -9.374098 -2.99893 -24.13164 -23.73303 -16.9755 -21.80852 -3.701116 -11.20007 5.499502 -7.593324 5.892985 -4.640699 -7.218132 -8.324958 -7.57115 -8.565019 0.1395666 
  14.94013 -14.87807 6.656416 -10.36284 4.518791 -6.756107 -18.99529 -23.60718 -27.17848 -7.24914 -14.40923 3.300249 -4.052078 1.909571 -1.72551 -2.397822 -6.40563 -7.992629 -7.224486 0.3714871 
  15.62671 -35.00819 34.67704 -6.012372 11.4547 13.25337 -9.270447 -17.17646 -17.71712 -5.661053 -11.20007 -5.339675 -1.785682 -5.334077 -18.73078 2.723757 -9.924397 2.017492 -5.213688 6.34344 
  16.46415 -51.56924 41.71016 -0.4754114 10.17889 19.85523 4.123697 -25.21486 -35.61699 -8.307865 -23.22537 -8.167287 -18.58635 -14.92799 -7.555889 2.874392 -18.2962 6.259172 1.403369 2.980592 
  16.55004 -50.64919 31.16048 2.886315 -8.289179 -1.253853 0.7037506 -20.79374 -26.92276 12.21404 -1.929163 -1.255347 -14.74572 -26.36544 -9.661304 19.20315 -10.40423 15.40612 -13.25688 -1.974201 
  17.4519 -31.32795 28.96263 1.699823 -33.33281 -31.08186 -32.36414 -39.72742 -50.64925 15.79047 1.101711 9.426741 -0.9357824 -12.97923 -14.03409 11.22634 -5.765855 18.75999 0.522851 -1.728204 
  18.06989 -17.17387 7.525387 0.1178341 -42.33175 -57.34523 -38.11641 -30.9815 -49.60727 3.809405 2.171432 3.14316 6.998167 -8.332175 -11.76672 -5.109246 -16.00227 10.52775 -0.4834557 3.154533 
  18.32049 -9.756667 -10.50577 0.5133314 -38.17839 -41.76768 -35.24027 -18.18126 -34.08271 1.842364 -12.09151 -0.4699001 2.180513 -20.03652 -24.74719 -1.795283 -18.02893 -6.938931 -8.788441 -2.958192 
  18.04205 -3.575666 -17.01808 -4.628132 -36.10172 -34.26737 -29.71755 -9.740952 -24.36564 2.37883 -29.66562 -9.738182 -2.63558 -13.12913 -20.75005 5.887085 -5.445967 -5.147647 -5.43711 -4.680176 
  18.18127 -0.7500648 -25.36591 -20.08014 -31.25614 -19.78776 -26.22658 5.035528 -8.767183 8.816419 -39.97002 -30.17675 -1.360732 -3.085504 -24.34747 5.435181 9.86483 -5.042277 -4.766844 -6.894156 
  18.37618 1.722336 -33.71375 -29.87257 -30.56391 -4.149776 -21.98755 8.444535 -8.511471 14.3599 -55.42662 -34.64769 -10.99292 -0.2373104 -19.70251 9.547012 17.69979 -7.781889 -0.04319668 -6.156162 
  18.29265 3.135136 -34.54853 -35.58481 -31.25614 -0.6746674 -16.50174 -12.15247 -9.534321 20.41642 -47.69832 -25.06711 -15.29438 6.390912 -28.34461 5.73645 3.733125 0.8584251 4.497954 1.473109 
  18.23696 3.488335 -33.29636 -38.03292 -28.33644 -1.543446 -16.25238 -3.913116 -22.06423 27.72841 -22.58134 -27.62193 -9.434772 17.84323 -34.34032 -5.711785 -1.9272 -3.883211 3.541771 0.1975467 
  18.12558 3.488335 -32.87897 -47.00931 -33.33281 4.450902 -19.74335 -14.36303 -42.83435 23.07532 -38.03794 -35.9251 -18.58635 4.399204 -33.54089 -8.875113 -4.646247 -7.255041 -0.6092439 5.879599 
  17.90283 2.781935 -29.53983 -48.64138 -29.45017 5.001056 -5.779478 -18.78414 -43.35534 23.74005 -39.32599 -16.76394 -25.71895 0.3623104 -32.34175 -4.506707 -6.085743 -4.19932 3.922329 7.716048 
  17.77399 1.015936 -28.70505 -41.29706 -23.60306 21.50569 6.973653 -10.34383 -32.80415 19.08697 -39.97002 -16.76394 -20.781 0.9619293 -28.34461 1.970584 -1.447369 0.1208372 14.09172 1.241189 
  17.73105 -1.103266 -25.78331 -42.92913 -32.64059 28.10755 25.21337 -3.48699 -31.01416 10.42582 -52.20649 -18.68006 -33.94888 1.411644 -19.54056 5.73645 -1.12748 11.13754 11.59734 -5.910165 
  17.70958 0.662735 -23.69635 -48.64138 -42.33175 22.05585 12.67356 -17.57838 -32.54844 14.18108 -44.4782 -14.84782 -20.781 -3.835028 -22.3489 3.025026 -1.767256 5.344478 5.457331 0.08158648 
  17.79547 5.671716 -21.60939 -48.64138 -44.40842 18.75492 16.09351 -26.82253 -27.6899 29.72259 -41.25807 -5.653854 -11.84282 7.884692 -25.1469 1.51868 6.117677 -4.936908 7.567959 -0.03437376 
  17.85989 4.194736 -21.60939 -52.72155 -44.40842 12.70322 12.10357 -22.20046 -32.03701 32.38149 -38.68197 -6.125123 -19.13501 -5.933697 -23.54805 -4.506707 -6.245687 -6.095974 5.841082 1.067249 
  17.90283 6.265695 -21.192 -51.08948 -43.71619 23.70631 10.3936 -7.932312 -27.17848 38.36403 -18.8664 -8.952734 -19.68367 -0.9868355 -11.92867 -3.30163 -5.126079 -3.356362 5.649206 0.8933082 
  18.20911 8.344624 -17.01808 -51.90552 -49.94622 28.6577 6.973653 -24.0091 -28.96846 38.36403 -18.50983 -26.34452 -24.62163 -1.43655 -11.28085 2.723757 -1.447369 -2.829514 7.567959 -0.7442122 
  18.43187 7.453654 -16.1833 -47.82534 -52.0229 20.40538 -2.537863 -27.42541 -22.31994 37.6993 -12.62637 -29.53805 -29.01092 -10.28094 -18.24492 6.608187 2.231342 -8.203368 3.415983 -3.204189 
  18.59893 3.488335 -18.68765 -47.00931 -58.94516 7.751829 -27.97207 -45.10954 -37.40697 42.35238 -6.386331 -49.97662 -43.82479 -18.68032 -26.34604 11.22634 2.231342 -15.71634 3.922329 -8.862137 
  18.7103 8.047634 -10.07129 -49.45741 -49.94622 23.15616 -28.22142 -40.40019 -32.29272 58.97054 4.890308 -50.61533 -38.33818 -3.835028 -17.5971 7.028019 -1.767256 -16.01891 12.36484 -9.60013 
  18.7103 8.047634 -16.1833 -49.45741 -45.10065 7.201674 -29.96691 -43.09124 -26.41134 41.68766 -8.882345 -41.67345 -29.55959 -8.78189 -15.32973 -2.397822 -5.126079 -13.90094 9.486712 -4.680176 
  18.57108 8.641614 -14.51373 -39.66499 -43.71619 -11.67918 -19.494 -37.70913 -27.94561 34.37567 -10.66521 -41.03474 -10.28467 -12.2297 -13.22431 -7.820671 -9.284621 -14.50607 8.719211 -0.3822545 
  18.65462 7.453654 -14.51373 -30.6886 -40.94729 -19.49817 -28.72013 -35.01808 -33.31557 34.37567 -12.09151 -34.64769 -16.3917 -5.334077 -17.27319 -6.013054 -19.09803 -18.74201 10.82984 -0.3242744 
  18.62677 4.724535 -8.76783 -20.08014 -42.33175 -19.20857 -31.21368 -44.43677 -44.39733 39.02875 -2.285736 -34.64769 -18.03769 -9.081699 -21.54948 -5.109246 -20.96896 -10.87527 0.7115335 -2.466196 
  18.43187 0.662735 -4.640215 -9.17635 -51.33067 -11.09999 -38.69164 -58.5648 -42.83435 35.04039 -13.5178 -39.75734 -24.62163 1.411644 -23.94776 -15.01863 -18.2962 -1.038229 -1.804233 1.53109 
  18.32049 -3.045866 0.5736141 2.688566 -53.40735 -8.783253 -37.54118 -52.50993 -38.42982 38.36403 -19.75784 -41.67345 -26.26761 -8.631985 -11.76672 -15.01863 -17.76165 -5.674495 -1.552656 8.244586 
  18.37618 -3.045866 6.22193 13.73071 -52.71513 -5.018553 -48.4705 -65.9652 -41.27137 29.05786 -8.347485 -20.59617 -26.81628 -4.434648 -23.14833 -13.86318 -12.96333 -12.08554 -11.69293 5.009897 
  18.43187 -4.105466 17.09424 16.04013 -51.33067 -16.31265 -48.4705 -45.7823 -52.73323 21.08115 -4.068604 -16.12524 -26.81628 -1.886264 -7.555889 -16.17408 -21.77079 -7.149671 -7.001064 12.47289 
  18.37618 -5.871467 22.36908 14.88542 -54.7918 -11.96877 -56.52368 -38.3819 -50.12826 23.74005 -16.37039 -17.40265 -25.71895 -9.531414 -17.75905 -20.79588 -15.68238 -6.833562 -7.894753 9.565932 
  18.18127 -4.811867 28.08349 22.9684 -65.17519 -13.41673 -43.29345 -35.69084 -41.27137 23.07532 -10.30864 -8.324376 -36.69219 -13.57885 -20.02642 -8.724478 -3.206752 -7.044301 -8.565019 6.111519 
  18.04205 -5.694866 27.64392 14.11561 -67.25186 -6.466515 -40.99255 -37.70913 -37.15126 14.71754 -0.1462955 -12.293 -47.66543 -22.74891 -22.74862 -5.86242 -8.324958 -5.253016 -13.25688 5.125857 
  17.88136 -3.045866 25.44607 10.99401 -74.17412 -3.281 -38.11641 -28.63117 -40.22938 -1.734075 -3.17717 -15.48653 -26.26761 -21.39271 -24.34747 -10.984 -18.02893 -4.09395 -4.194211 4.314135 
  17.55927 -7.990667 23.24822 17.57975 -71.40521 -13.12714 -34.08982 -26.42061 -42.83435 -0.4823208 -23.22537 -9.738182 -20.781 -16.27714 -41.13546 -24.26223 -10.56417 -5.569126 -4.194211 4.372115 
  17.40896 -9.050267 23.68779 15.65523 -66.55963 -8.204067 -38.11641 -30.30873 -34.08271 0.4117885 -14.05266 -6.910571 -32.30289 -30.8861 -31.14261 -8.272574 -5.605911 -7.887259 -3.942635 4.835957 
  17.34454 -8.873667 20.17123 2.688566 -74.86634 -18.3398 -46.74482 -22.40142 -39.70839 7.922309 -9.238918 -7.696018 -16.3917 -25.46131 -35.53946 -10.83336 -17.76165 -20.85998 -5.660532 2.052911 
  17.00097 -11.34607 14.47716 5.654795 -67.25186 -20.36694 -35.8155 -19.78894 -36.38412 19.75169 -11.20007 5.813682 11.25234 10.87225 -28.34461 -0.7408409 -11.84372 -10.87527 -4.543422 8.244586 
  15.81996 -10.28647 9.91506 10.20301 -58.25293 -15.15428 -28.96949 -26.01869 -44.39733 5.418802 0.03199196 -14.20912 -5.185277 2.407497 -23.14833 -2.096553 -8.165014 -13.2958 -4.068423 4.951917 
  16.35678 -5.518267 15.56337 16.42503 -61.71406 -21.52531 -31.21368 -17.9803 -31.52559 10.42582 -14.76581 -23.7897 -16.3917 2.905424 -11.28085 -6.916862 -10.72412 -18.74201 -9.235285 2.748672 
  16.76477 -0.9266663 24.12736 19.88917 -45.10065 -10.52081 -26.47594 -13.55919 -38.42982 1.842364 -14.40923 -16.12524 -11.41787 -19.13238 -29.94347 -7.971305 -13.28322 -20.25484 -8.341597 7.716048 
  16.87214 3.664936 27.64392 26.04763 -43.02397 -26.15879 -25.97723 -13.96111 -33.05986 -3.343472 -7.277764 -32.09287 2.747112 -6.98303 -17.5971 -8.423209 -13.28322 -20.25484 -18.39559 0.8933082 
  17.04392 10.72054 32.47919 20.27407 -43.02397 -21.23572 -23.73303 -12.95631 -29.22418 -15.18957 -11.91322 -16.76394 -2.210631 -9.531414 -10.30912 -11.88781 -19.63258 -24.79335 -14.82084 -4.188181 
  16.89361 9.235593 35.11661 25.27782 -27.77957 -16.31265 -16.25238 -6.525595 -14.39286 -18.89511 -25.15744 -32.73158 -9.859721 -4.884362 -10.95694 -11.88781 -13.12328 -8.730216 -10.57582 2.864632 
  16.48562 7.453654 34.67704 24.89292 -26.3874 -25.8692 -19.494 -18.9851 -23.08708 -15.18957 -13.33951 -23.7897 0.1974154 0.0625 -8.365664 -11.73717 -15.20255 -8.835586 -8.341597 2.168871 
  15.99175 11.31452 37.31446 20.65898 -14.69316 -25.00042 -25.72787 -18.58318 -28.96846 -22.07128 -2.285736 -20.59617 -9.434772 -6.833126 -12.09063 -6.464958 -17.60171 -9.665001 -7.447908 1.241189 
  15.45492 4.547935 30.28134 16.42503 -16.36377 -22.1045 -16.50174 0.3481426 -1.281139 -0.8399649 -1.216015 -16.76394 -13.09973 -8.032365 -16.30146 -6.464958 -18.02893 -2.934884 -2.433175 -1.974201 
  14.51177 2.252136 28.08349 10.00526 -11.63039 -14.86469 -3.285929 -0.5041092 -1.281139 -2.091718 -20.64927 -28.26064 -26.26761 -22.29685 -8.527619 -8.272574 -14.56277 -6.728192 2.598359 2.052911 
  15.01152 -16.99727 13.1737 -9.374098 17.83373 1.062885 -12.76142 11.00129 -21.04138 -21.54192 -12.26979 -1.726616 -38.88684 -18.68032 -21.14976 -8.573844 -4.326359 0.1208372 -7.224486 6.923241 
  15.08291 -23.96748 8.828844 -13.55186 21.23589 11.05276 -6.527542 11.85354 -17.4614 -15.18957 -8.704058 -3.611691 -33.94888 -17.77618 -21.14976 -6.464958 -4.486303 -0.4060106 -7.67133 4.777976 
  15.1543 -34.08813 33.35833 -2.848394 22.51169 7.751829 -5.280767 -11.34863 -25.38849 -11.48404 -9.060632 3.14316 -18.03769 -6.383411 -14.19604 -11.4359 -9.764453 9.308153 -4.766844 1.76301 
  15.41198 -46.04889 37.31446 2.293069 5.50093 5.55121 3.553706 -5.721754 -29.7356 -6.719776 -13.69609 -8.481466 -28.46226 -18.22825 -29.54375 -6.615593 -8.165014 2.122862 -14.15057 3.038573 
  15.60524 -50.64919 33.35833 4.468304 11.02943 5.001056 -2.787218 -9.339031 -18.73997 10.60464 -14.05266 -13.57042 -6.318476 9.378472 -15.32973 3.175661 -17.76165 -3.98858 -11.02266 2.284831 
  15.73407 -54.32942 32.03962 10.79626 6.776737 7.751829 11.53358 -23.0043 -21.29709 0.2329664 -13.87437 5.499502 -0.9357824 5.395058 -10.63303 -8.573844 -15.68238 -3.777841 -12.81004 3.328473 
  15.49787 -52.4893 28.52306 9.016521 -0.7714558 1.642067 14.38354 -21.19566 -21.29709 -0.3034992 -18.68811 0.7868166 -3.20218 -9.531414 -0.1059589 6.608187 -5.765855 8.393458 -5.883954 6.865261 
  16.24942 -41.4486 40.83102 16.04013 -14.69316 -20.36694 -12.51206 -43.76401 -46.4813 -9.895952 -20.47098 -2.040795 -16.94036 -8.931794 1.676868 4.230104 -8.644846 17.5404 -2.621857 4.662016 
  16.55004 -24.88754 39.95188 8.818773 -27.50114 -29.92349 -20.24206 -36.36361 -44.39733 0.4117885 -16.01381 -9.266913 0.3390656 -2.335979 -0.9157333 12.48584 -0.4877052 9.613051 -0.7350323 6.865261 
  16.91508 -23.04742 36.87489 3.875057 -42.33175 -30.79226 -21.48884 -19.18606 -43.35534 -17.30702 -3.355455 -13.57042 -4.052078 -9.831224 -31.14261 4.531374 -6.085743 -5.042277 -5.213688 3.444433 
  16.9795 -20.28725 35.11661 10.79626 -50.63845 -34.26737 -23.98239 -31.65426 -51.69124 -13.07212 -12.09151 -17.40265 -11.98447 -21.84478 -15.81559 -1.192744 2.391287 2.333601 -8.788441 3.676354 
  17.36601 -14.52487 36.87489 17.19484 -62.40628 -20.65654 -17.99787 -27.62637 -34.84985 4.167049 -12.26979 -11.01559 -9.718071 -24.55718 -18.24492 -1.795283 -5.126079 -3.356362 -9.011863 0.1395666 
  17.55927 -12.40567 27.20435 23.73821 -67.25186 -22.39409 -17.24981 -37.03637 -42.83435 5.418802 -16.1921 -13.57042 -8.443223 -19.58445 -23.54805 -5.410516 -3.686584 -11.78297 -7.67133 2.516752 
  17.75252 -12.58227 18.85252 23.73821 -74.17412 -24.13164 -15.00561 -32.99979 -53.77522 -6.719776 -10.66521 -28.89934 -2.210631 -13.57885 -41.93489 -10.23083 -5.445967 -9.362434 -9.458707 7.980317 
  17.85989 -10.10987 17.97338 27.58724 -65.17519 -21.52531 -4.283348 -22.20046 -53.77522 2.37883 -7.812624 -9.581093 -4.052078 -5.334077 -39.5366 -13.86318 -6.565575 -7.781889 -3.942635 7.716048 
  18.01421 -9.050267 7.74263 30.66648 -52.71513 -37.1521 -11.51464 -12.35343 -66.27906 -6.719776 3.077724 0.001368523 -11.70117 -8.931794 -29.14404 -17.32953 -23.64172 -4.936908 -1.175292 10.62301 
  18.2648 -6.754467 0.7908573 22.19859 -30.56391 -41.76768 -41.56777 -12.75535 -53.25422 -16.2483 2.624578 13.59686 -0.5108337 -20.03652 -31.14261 -9.176382 -24.44355 -3.883211 3.730453 14.05851 
  18.68246 -0.9266663 -0.2953568 19.88917 -18.86968 -40.61378 -61.70073 -31.65426 -31.7813 5.418802 1.458286 9.89801 6.525481 -21.39271 -36.33889 -8.423209 -20.96896 -6.306714 -1.804233 12.73716 
  18.93306 3.841536 -0.5125999 4.666052 -18.59124 -33.39859 -58.82459 -50.49164 -45.96031 17.75751 11.6875 3.457338 -5.326927 -22.29685 -26.34604 -1.04211 -22.8399 -5.569126 -0.4834557 12.47289 
  18.9609 7.453654 -1.381572 -12.14258 -18.03437 -22.39409 -48.4705 -50.49164 -66.27906 9.710528 15.76581 7.541666 5.580109 -29.07784 -41.53517 -12.94225 -18.83075 -7.887259 -0.986609 5.357778 
  18.54324 6.265695 -0.7298431 -11.74708 -7.453876 -12.54795 -24.73045 -64.61967 -73.05198 -9.366589 25.73502 25.86165 11.25234 -18.68032 -42.3346 -28.49888 -20.70169 3.387298 5.457331 5.067877 
  18.09774 8.344624 -2.685029 -21.71221 -4.3911 -8.204067 -18.49658 -72.69284 -49.08627 -3.879938 10.78121 14.88789 -2.068981 -18.22825 -40.33603 -25.41768 -19.36531 -2.618774 3.478877 6.40142 
  17.64516 8.938603 -4.422972 -10.16509 -0.7714558 -17.76061 -14.00819 -51.83717 -46.4813 -8.307865 23.46929 21.98856 7.470853 -18.22825 -36.33889 -20.02558 -15.36249 -0.1952715 6.608583 6.111519 
  17.4519 5.077736 -0.7298431 -19.26411 -11.90882 -18.91898 -20.24206 -53.1827 -40.22938 -8.307865 16.6721 20.69753 15.03383 -5.783792 -45.93203 -19.25528 -26.84904 0.647686 3.101512 7.18751 
  17.28012 6.859675 -1.164329 -20.08014 -23.88149 -22.68368 -22.98497 -39.72742 -32.80415 -6.190414 15.31266 19.4065 17.39726 -3.984933 -30.34318 -13.09288 -24.17628 -3.250993 1.529158 9.037394 
  16.91508 7.453654 -3.336758 -18.44807 -19.98341 -21.52531 -27.97207 -34.34532 -22.83137 -1.734075 23.46929 23.9251 18.81532 -4.434648 -35.53946 -17.32953 -14.40283 2.333601 2.409676 8.508856 
  16.44268 8.344624 0.3563719 -24.16032 -21.37558 -24.13164 -32.36414 -34.34532 -25.13278 -7.778502 5.7966 4.242786 2.038863 -3.984933 -19.3786 -25.80283 -20.16713 -2.934884 -5.883954 6.807281 
  16.35678 6.265695 10.1323 -27.42446 -26.94427 -35.99821 -22.2369 -23.20526 -32.54844 -11.48404 4.437162 -1.883706 10.77965 12.36603 -28.74433 -12.18908 -27.11631 -2.724144 -0.04319668 11.41582 
  16.44268 8.641614 16.65467 -13.55186 -21.09715 -27.02757 -19.74335 -19.58798 -21.04138 -5.661053 10.32806 11.66031 -3.768779 8.880545 -24.74719 -13.86318 -29.25452 -2.091926 0.3341684 12.73716 
  16.87214 16.66034 16.65467 -12.73582 -32.64059 -33.97778 -28.22142 -27.62637 -37.9184 -8.307865 4.437162 -8.795645 0.9056644 -1.886264 -4.964609 2.422487 -9.124678 4.124886 5.841082 11.94435 
  17.10834 20.8182 20.6108 -14.3679 -49.94622 -39.45989 -28.96949 -9.339031 -11.83573 -16.77766 -13.33951 -26.34452 -1.502382 -10.73065 1.676868 5.284546 3.733125 5.649376 2.787041 9.037394 
  17.38748 21.11518 25.88564 -15.18393 -62.40628 -38.88294 -14.5069 5.035528 -10.04574 -23.65937 1.279999 -30.81546 -22.42698 -17.77618 -2.049419 8.707348 -9.764453 -1.565078 -4.766844 1.70503 
  17.85989 22.30314 29.4022 -20.89618 -63.79073 -47.53714 -42.71823 -9.138071 -18.22854 -19.95383 -13.87437 -43.58957 -38.33818 -19.58445 -6.098294 1.066775 -9.604509 -4.09395 -6.55422 0.02360636 
  18.20911 23.78809 31.16048 -9.769596 -54.7918 -41.19073 -31.21368 -4.114077 -5.07851 0.7694325 1.279999 -35.2864 -19.68367 -14.62818 -0.1059589 15.42466 -15.0426 -3.461732 0.08259201 2.980592 
  18.34834 22.89712 28.96263 -11.15384 -55.48403 -40.03683 -34.66504 -11.34863 -6.344301 -15.71894 8.062329 -30.81546 -9.151472 -7.282841 -8.365664 4.983276 -22.8399 -4.09395 1.780735 4.835957 
  18.48755 22.89712 27.64392 -11.54933 -55.48403 -38.306 -25.97723 -17.37742 -35.10556 -27.36491 18.93783 -9.738182 -7.310024 -5.334077 -25.1469 -8.724478 -22.57262 -7.57115 1.403369 6.4594 
  18.62677 23.4911 20.6108 -15.18393 -49.254 -20.65654 -16.25238 -30.9815 -39.19696 -24.71809 18.48469 17.46995 20.23338 -7.58265 -34.34032 -19.25528 -26.31448 -9.665001 11.40546 10.62301 
  18.73815 23.78809 8.39436 -20.08014 -60.32961 -16.31265 -11.764 -35.01808 -49.60727 -18.89511 11.23435 14.88789 12.6704 -14.17847 -37.93775 -23.10678 -15.84232 -12.99324 3.101512 10.88728 
  18.79384 22.30314 5.135715 -20.89618 -56.86848 -12.83754 -13.01077 -51.83717 -54.8172 -5.661053 25.28188 18.11547 -10.28467 -21.84478 -22.74862 -17.32953 -14.24288 -19.34714 -0.6721382 9.830201 
  18.87737 22.30314 3.615015 -20.08014 -43.02397 -13.70632 -16.75109 -68.65626 -63.6741 11.67757 20.75042 -3.611691 -7.310024 -18.68032 -25.1469 -18.09983 -16.16221 -16.62404 0.96311 12.73716 
  18.73815 18.73927 3.615015 -6.210121 -41.63952 -22.39409 -28.96949 -72.02008 -45.43932 27.06368 -0.3245811 -14.20912 -6.035176 -19.13238 -16.46341 -18.87013 -31.92728 -3.672471 -0.8608205 13.00143 
  18.2648 20.22422 3.397772 -8.187607 -34.71726 -35.42126 -13.75883 -53.1827 -47.0023 19.08697 3.984016 -10.37689 -20.781 -13.12913 -6.90807 -15.78893 -33.53094 -6.201344 4.306079 9.830201 
  17.51632 16.95733 8.828844 -9.17635 -38.17839 -32.52982 -21.98755 -39.72742 -32.54844 11.85639 24.82873 8.012936 -3.62713 -12.2297 -13.54822 -20.02558 -23.37445 -10.27014 -4.32 6.4594 
  17.30159 19.03626 12.52197 -3.243892 -24.43836 -36.57516 -16.75109 -34.34532 -18.48425 19.08697 30.71963 13.59686 -9.576422 -15.97733 0.8122264 -18.87013 -24.71083 -9.362434 -7.001064 4.256155 
  16.87214 16.66034 13.39095 -7.001115 -23.60306 -32.81941 -25.47852 -30.30873 -24.36564 9.174063 18.93783 20.69753 -8.443223 -4.284742 -3.66897 -21.95133 -17.60171 -8.730216 -3.313693 3.502414 
  16.29237 4.901136 3.615015 -3.046144 -29.72861 -33.97778 -17.00045 -22.80334 -9.790031 15.07519 14.40637 20.05201 14.56114 6.888838 -3.345058 -23.49193 -15.84232 -3.777841 3.2273 9.830201 
  16.12058 -23.04742 3.18053 -2.0574 -17.75594 -22.39409 -15.50432 -45.7823 -10.04574 12.7505 3.984016 0.9439058 -3.485479 -8.032365 -21.14976 -1.192744 -6.40563 3.598037 -12.81004 12.20862 
  16.61446 -35.00819 22.80865 10.20301 -23.60306 -23.84205 -3.285929 -38.3819 -25.89991 19.08697 0.3885651 -1.569527 -4.335379 4.399204 -21.14976 -9.176382 -7.525238 7.783663 -4.131317 12.20862 
  16.52857 -38.68842 11.21852 21.04388 -22.21089 -42.92157 -17.24981 -41.07295 -43.87634 14.3599 7.156038 11.66031 -5.610227 -6.833126 -25.54662 -11.13463 -18.56348 -1.143599 1.780735 10.88728 
  16.14206 -28.56778 11.43576 24.50801 -14.1363 -45.8063 -18.49658 -33.67255 -40.75037 12.03521 -13.16123 -18.04135 0.9056644 -10.13103 -19.70251 -14.63348 -21.77079 -10.5727 -4.543422 11.15155 
  15.84144 -25.8076 1.442586 29.12686 -15.8069 -41.19073 -15.25496 -24.81293 -34.59414 17.04223 6.702892 0.3155479 -0.7941332 2.905424 -23.54805 -11.28527 -7.525238 2.017492 -9.011863 7.980317 
  15.64818 -21.20731 -6.160915 27.20234 -14.1363 -39.45989 -2.537863 -3.060865 -37.40697 25.73423 18.48469 0.7868166 6.998167 1.909571 -25.94633 -10.08019 -8.165014 -6.306714 -2.05581 7.18751 
  16.46415 -18.44713 -2.0333 32.9759 -7.175442 -36.57516 1.273742 -8.736153 -66.80006 -5.131691 -8.525771 -1.255347 -0.9357824 -26.36544 -38.73717 -10.08019 -2.247088 -4.09395 7.95171 8.244586 
  16.87214 -9.580067 -5.074701 21.04388 -19.98341 -34.26737 -22.98497 -24.0091 -56.90118 -6.719776 -7.456051 14.88789 -1.077433 -22.74891 -24.34747 -9.778921 -12.4835 -8.835586 15.8186 8.244586 
  17.19423 -6.401267 -13.26155 10.59851 -25.27366 -29.3443 -27.47336 -21.79854 -48.04428 5.597624 -12.62637 12.30582 7.470853 -22.74891 -27.54519 -3.30163 -14.08294 -17.22917 3.730453 5.995559 
  17.36601 0.1329346 -12.00938 4.8638 -15.25003 -31.08186 -34.08982 -3.48699 -19.5071 40.3582 -6.921191 -11.6543 -0.5108337 -13.57885 -22.3489 -0.7408409 -3.366695 -6.095974 -1.678445 2.690692 
  17.12981 -0.5734653 -17.85286 -6.407869 -21.93245 -38.88294 -37.54118 -8.334232 -20.01853 29.72259 -37.39392 -18.04135 -6.885075 -2.935598 -12.41454 4.531374 -0.9675369 -11.78297 -4.990266 -2.712194 
  16.82919 -0.7500648 -23.69635 -19.26411 -26.3874 -26.15879 -28.72013 -10.14287 -20.78567 47.00547 -29.66562 -2.669153 5.01351 -0.8369293 3.838472 -1.192744 -4.966135 -6.728192 3.604665 1.067249 
  17.02244 8.938603 -27.87027 -21.71221 -20.54028 -16.89184 -26.47594 -3.060865 -18.22854 36.36985 -21.29329 -22.51229 -0.7941332 -10.58075 -1.07769 -6.013054 -2.407032 -7.044301 8.719211 4.198175 
  17.15128 6.859675 -29.95722 -24.16032 -20.54028 -20.36694 -20.49142 -0.5041092 -11.06859 39.02875 -14.94409 -18.04135 -11.98447 2.407497 -7.879799 -6.314323 -0.6476479 -11.78297 4.306079 7.716048 
  16.85066 3.311735 -29.12244 -24.97635 -26.66583 -16.60224 -27.47336 -3.060865 -18.99568 42.35238 -20.2927 -19.31876 -10.70962 -6.98303 -7.555889 -15.40378 1.911455 -13.2958 -2.370281 3.734334 
  16.63593 -0.9266663 -27.45287 -17.63203 -29.72861 -19.49817 -16.25238 -7.329433 -25.38849 38.36403 -25.15744 -9.424003 -7.451674 -3.535218 3.406151 -5.86242 7.139628 -15.71634 -3.187905 7.980317 
  16.4212 -0.7500648 -33.29636 -26.60843 -28.058 -20.36694 -18.74593 -0.07798331 -23.34279 32.38149 -23.22537 -18.68006 -4.477028 -5.334077 -3.99288 -6.464958 0.9517899 -12.69067 -0.1060905 5.415758 
  16.37826 5.374726 -27.45287 -15.18393 -21.65402 -15.44387 -12.76142 5.035528 -24.36564 36.36985 -23.22537 -10.37689 -9.151472 -5.783792 1.676868 -11.28527 -2.407032 -17.22917 4.114204 3.444433 
  16.5071 3.841536 -24.11374 -10.56059 -17.75594 -25.00042 -17.49916 8.018409 -38.94125 32.38149 -35.46185 -18.04135 -11.41787 -17.47637 -5.126564 -17.32953 -5.765855 -10.5727 -2.684752 3.502414 
  16.31384 4.194736 -20.35721 -2.452897 -22.76776 -21.52531 -26.47594 -6.324635 -38.42982 24.40478 -52.20649 -25.70582 -16.3917 -20.94065 -9.49935 -19.25528 -1.287424 -5.779865 3.667559 0.7193677 
  16.33531 4.018135 -13.26155 1.304326 -26.94427 -28.18593 -26.22658 -10.14287 -22.57565 40.3582 -39.32599 -14.84782 11.25234 -13.42894 1.676868 -10.984 -2.566976 -5.674495 6.416708 -4.680176 
  16.35678 1.545734 -6.378158 4.072807 -36.10172 -38.306 -33.51459 -2.634739 -38.94125 46.34074 -32.88574 -4.711317 22.12412 -2.485884 3.406151 -11.73717 6.458327 -0.1952715 0.6486392 -9.354133 
  16.70035 1.192535 4.049501 12.576 -34.71726 -41.76768 -38.69164 -12.55439 -31.01416 56.31163 -32.24172 -13.57042 35.35933 3.403351 18.53738 -9.778921 -7.045406 -5.253016 -1.489762 -7.632149 
  16.91508 4.194736 13.1737 15.27032 -25.5521 -36.57516 -36.39072 -10.34383 -53.25422 10.96228 -34.81782 -8.638556 25.90561 -2.485884 3.838472 -17.71468 -13.28322 -10.27014 1.214687 -8.862137 
  16.7433 8.938603 21.92951 1.897572 -27.2227 -25.57961 -26.22658 -9.740952 -46.4813 7.564666 -36.74989 -16.76394 11.25234 1.909571 13.78185 -16.17408 -19.36531 -16.62404 9.486712 0.8933082 
  16.57151 13.09646 18.41295 4.8638 -21.65402 -32.24023 -15.75367 -10.94671 -31.7813 4.524693 -30.30964 -39.11863 -9.293121 -7.882461 -4.640699 -11.58654 -14.08294 -10.5727 6.416708 -6.156162 
  16.33531 -0.9266663 -9.202316 15.27032 14.43158 -51.57577 -9.769156 -30.9815 -26.41134 1.663542 -11.55665 -16.76394 -16.3917 -18.68032 -21.94919 -4.054804 -7.685182 -6.306714 -8.341597 -0.4982147 
  16.31384 -27.64772 1.225344 7.83003 9.753621 -41.19073 -15.00561 -30.9815 -30.75845 -1.018787 -8.525771 -7.22475 -7.310024 -9.231605 -14.51995 0.1629677 -8.964733 -3.461732 -10.3524 1.125229 
  16.33531 -44.20877 5.352959 25.66273 -1.885193 -48.69103 -6.278187 -22.60238 -37.66269 -0.6611428 -19.75784 6.127861 -8.584873 -1.886264 -5.61243 2.121219 -12.96333 -5.042277 -5.43711 1.82099 
  16.80772 -41.4486 7.959873 36.05513 0.3422794 -49.26798 -19.494 -26.42061 -27.17848 -13.60149 -34.17379 9.740919 1.047315 -14.62818 -17.92101 14.585 -13.60311 -7.36041 0.2712746 2.400791 
  17.02244 -23.96748 11.00127 24.89292 -11.90882 -55.61439 -40.41732 -24.41102 -32.29272 -18.36575 -23.86939 9.426741 -2.493931 -26.81751 -20.75005 9.12718 -8.484901 -1.881186 5.841082 9.037394 
  17.6881 -12.93547 1.225344 24.50801 -25.5521 -47.53714 -22.2369 -20.79374 -27.43419 8.458775 5.7966 25.86165 17.86995 -16.87675 -9.985214 2.874392 -11.52384 -9.665001 -5.43711 11.15155 
  18.15343 -3.222466 -4.205729 21.81369 -23.60306 -55.61439 -38.69164 -40.40019 -35.8727 -13.07212 -9.773779 32.31681 8.416224 -25.00924 -20.75005 -4.958611 -20.70169 -12.99324 3.922329 11.68009 
  18.57108 0.1329346 -3.988486 21.81369 -24.71679 -40.03683 -38.69164 -45.10954 -43.87634 0.4117885 8.062329 23.9251 18.34263 -31.79024 -29.94347 -16.17408 -21.77079 -12.69067 5.265456 16.17266 
  18.84953 1.545734 -5.726429 29.51176 -21.93245 -52.15271 -39.26686 -45.7823 -42.83435 7.922309 8.968622 26.50717 8.416224 -36.3109 -23.14833 -16.17408 -10.88406 -10.5727 4.114204 19.34389 
  19.12796 2.428736 -10.28853 28.35705 -21.09715 -60.80691 -39.84209 -41.07295 -47.52329 16.14812 7.609184 15.5334 15.50652 -28.17371 -13.22431 -25.03253 -17.60171 -16.01891 2.283888 23.5722 
  19.37856 3.135136 -12.00938 25.66273 -18.86968 -69.46111 -45.59436 -49.14611 -50.12826 9.889351 7.156038 18.76098 3.313711 -37.6671 -19.3786 -24.64738 -22.8399 -15.41377 2.032311 17.49401 
  19.51778 2.075535 -3.771243 25.27782 -14.69316 -64.84554 -35.24027 -40.40019 -43.35534 10.78346 12.59379 30.38026 6.998167 -35.85883 -10.30912 -20.41073 -28.45269 -10.5727 6.224832 17.22974 
  19.62915 1.192535 -7.464373 14.50051 -18.59124 -70.03806 -45.01913 -46.45506 -47.0023 13.82343 -10.48693 35.54438 6.525481 -46.70842 -19.0547 -15.01863 -29.25452 -17.53174 2.220994 11.15155 
  19.62915 1.369135 -8.985073 7.83003 -20.26185 -71.19195 -45.59436 -41.07295 -45.43932 19.75169 -17.61839 30.38026 12.6704 -36.3109 -25.54662 -17.71468 -27.11631 -6.306714 -2.558963 5.705658 
  19.21149 6.265695 -6.595401 6.643538 -17.19907 -61.9608 -42.143 -30.9815 -39.70839 9.352884 -25.80147 51.03676 7.943539 -32.69437 -34.74004 -17.71468 -30.5909 -5.253016 -6.55422 2.748672 
  18.68246 5.968705 1.008101 2.095321 -17.75594 -51.57577 -33.51459 -30.30873 -38.68554 10.78346 -20.64927 41.99954 -4.477028 -34.05057 -26.34604 -4.807977 -34.60004 -8.624846 3.038618 10.09447 
  18.62677 8.047634 0.7908573 -10.95609 -19.70498 -71.19195 -45.59436 -14.76495 -32.03701 19.08697 -2.107449 31.67129 7.470853 -26.81751 -27.54519 -6.464958 -24.9781 -11.78297 -7.67133 2.922612 
  18.59893 3.488335 -6.812644 -22.52825 -23.04619 -59.07607 -53.64754 -20.19086 -31.01416 35.04039 -17.97497 39.41748 20.23338 -7.732555 -21.14976 -5.259881 -34.86732 -5.042277 -4.990266 0.313507 
  18.12558 1.015936 -12.00938 -30.6886 -21.37558 -36.57516 -45.59436 -17.57838 -17.20569 57.64108 -21.93732 26.50717 24.96024 -2.635789 -23.54805 17.94366 -25.51266 1.701383 -6.107376 -1.974201 
  18.01421 1.722336 -20.7746 -42.92913 -31.25614 -33.68819 -39.26686 -10.54479 -13.37001 59.63526 -27.08952 21.98856 6.525481 -8.332175 -7.393934 12.90567 -9.284621 0.8584251 -3.816846 -2.712194 
  17.83841 4.194736 -23.27896 -41.29706 -24.43836 -24.71083 -31.78891 -20.19086 -8.255758 43.68184 -49.63039 -2.040795 -18.03769 -13.57885 -27.14547 8.707348 -15.0426 1.806752 -0.6092439 -4.680176 
  18.15343 3.841536 -25.78331 -38.84895 -24.43836 -18.91898 -41.56777 -26.21965 -22.31994 47.00547 -61.86687 1.572264 -11.84282 -14.17847 -27.9449 -11.4359 -21.23624 -1.670447 -6.777642 -3.696185 
  17.98636 1.898935 -25.36591 -41.29706 -30.56391 -15.73347 -40.99255 -19.9899 -14.64857 50.32909 -52.85052 11.01479 -10.70962 -10.28094 -27.9449 -7.368766 -15.52244 -10.5727 -8.118175 -6.156162 
  17.90283 5.968705 -19.10504 -31.50463 -22.48932 -5.597738 -25.47852 -20.19086 -18.48425 27.06368 -44.4782 8.012936 -4.193728 -5.034267 -10.63303 -5.109246 -11.20395 -10.5727 -5.43711 -6.156162 
  17.83841 6.859675 -19.10504 -28.24049 -23.60306 -0.6746674 -33.51459 -31.65426 -16.94998 44.34656 -56.71467 3.771518 -13.64839 -3.385313 -18.24492 0.9161406 -11.20395 -7.676519 -7.447908 -14.27409 
  17.88136 5.077736 -22.44417 -26.60843 -17.4775 -3.860184 -27.224 -11.54959 -8.767183 48.33492 -47.69832 2.98607 -7.451674 -6.533316 -15.81559 7.867683 -4.486303 0.01546764 -11.24608 -13.78209 
  17.77399 4.194736 -20.7746 -14.3679 -19.14811 -16.89184 -26.97465 -4.917915 -20.27424 36.36985 -50.91844 10.21219 -14.74572 -14.17847 -20.75005 14.16517 0.7918472 -11.4804 -15.71452 -10.33812 
  17.70958 5.671716 -22.02678 -2.650646 -6.340139 -21.52531 -22.98497 -7.128473 -16.18284 46.34074 -39.32599 20.05201 -7.876624 -7.132936 -24.74719 -2.397822 -9.924397 -10.27014 -6.55422 -1.974201 
  17.49485 4.194736 -25.78331 3.084064 -13.85786 -34.26737 -26.22658 -8.133272 -10.81288 27.72841 -35.46185 18.76098 -4.901978 -1.736359 -25.94633 4.983276 -10.24429 -3.672471 -0.2318788 1.241189 
  17.40896 -0.04366493 -22.02678 -8.187607 -19.14811 -39.45989 -32.93936 -16.57358 -23.08708 22.4106 -22.58134 25.86165 -3.768779 8.880545 -17.11123 8.287516 -13.60311 -1.143599 -6.777642 -2.466196 
  17.38748 9.235593 -4.640215 3.479561 -15.52847 -50.42188 -29.46819 -9.138071 -26.66705 19.08697 -39.32599 20.05201 -26.81628 -5.034267 -6.422204 -0.1383018 -10.88406 13.88162 5.265456 -2.958192 
  17.2157 1.898935 12.30473 -3.837137 -5.226402 -41.76768 -24.23174 -16.57358 1.883337 6.849378 -16.72696 3.771518 -9.859721 -12.52951 0.05599594 5.73645 -15.0426 6.56407 0.7115335 -4.926174 
  16.35678 -10.81627 20.17123 -8.385355 2.569752 -41.19073 -21.73819 -17.9803 -0.6482434 0.7694325 -16.37039 -2.826242 -25.17029 -10.88056 -11.44281 -1.343379 -17.76165 2.017492 3.415983 5.299797 
  15.88438 -19.36719 27.64392 -8.385355 -3.834232 -25.00042 -17.24981 -13.96111 -13.62572 -1.912896 -14.94409 11.01479 -25.17029 -4.734457 -18.56883 -1.945918 -3.206752 5.03958 8.527335 8.508856 
  15.73407 -24.88754 30.72091 -10.56059 -15.8069 -29.3443 -19.24464 -8.133272 0.6175468 11.85639 -12.26979 -1.255347 -21.87832 4.897131 -7.231979 1.21741 -14.08294 13.27183 3.353088 3.212513 
  15.64818 -34.08813 37.31446 -4.430384 -27.2227 -41.19073 -15.25496 -14.36303 -6.977196 23.74005 -4.603464 -8.795645 -32.30289 -11.92989 -17.5971 -0.4395714 -1.9272 13.57673 1.71784 6.69132 
  15.69113 -37.76836 39.07274 -4.430384 -16.6422 -27.89634 -19.24464 -11.95151 -5.711405 15.43283 -21.93732 -13.57042 -18.58635 -32.69437 -19.70251 3.175661 -6.085743 -2.724144 -14.15057 -0.150334 
  15.86291 -42.36866 39.51231 2.293069 -18.59124 -25.57961 -7.524961 -13.96111 -1.281139 22.4106 -2.642309 -1.883706 -21.87832 -2.036169 -11.60476 -1.795283 -8.644846 1.490644 -6.777642 0.2555268 
  16.14206 -47.88901 35.55618 -1.266406 -25.5521 -13.12714 -10.26787 -29.63597 -20.27424 11.67757 -1.750875 -12.293 -14.74572 0.8120251 -9.985214 -3.30163 -5.445967 -3.145623 -13.4803 -4.680176 
  16.39973 -52.4893 34.23747 3.875057 -21.09715 -17.76061 -11.51464 -21.19566 -18.22854 11.85639 -16.72696 -18.04135 -17.48903 -5.034267 -20.35033 12.90567 -10.24429 5.344478 -9.235285 -0.9902105 
  16.4212 -53.40936 25.44607 12.9609 -14.9716 -9.362438 4.693688 -21.79854 -31.52559 3.451761 1.814859 -3.297511 -3.20218 10.37433 -13.54822 14.16517 -4.646247 10.22285 -9.458707 3.328473 
  16.35678 -55.24948 13.82543 12.576 -15.52847 -3.570591 9.823608 -19.78894 -28.96846 7.564666 -3.17717 -6.125123 -8.584873 -8.332175 -12.09063 6.188354 -5.286023 15.40612 -3.628164 -1.482205 
  16.14206 -51.56924 13.60819 17.96465 -29.17174 -19.49817 3.553706 -11.54959 -26.92276 0.7694325 -11.55665 12.30582 -11.55952 -6.083601 -3.183104 7.028019 -1.287424 6.259172 -1.238186 -1.728204 
  16.05617 -48.80907 8.611601 26.04763 -23.04619 -32.52982 -1.041735 -14.96591 -21.80852 9.889351 -2.107449 12.95134 -9.859721 4.399204 -10.79499 -0.2889366 -13.12328 7.783663 -4.131317 -2.958192 
  15.49787 -45.12883 4.701229 29.89667 -19.70498 -34.84432 -1.789799 -0.5041092 -26.15563 8.637597 -8.525771 13.59686 14.08846 4.399204 -16.62537 -4.054804 -12.80339 4.124886 -6.777642 -2.958192 
  14.58316 -42.36866 -0.7298431 32.59099 -16.08533 -31.08186 -11.01593 -16.77454 -40.75037 -2.091718 -10.30864 9.112562 10.77965 8.880545 -4.640699 -3.00036 1.431622 11.74734 -0.1060905 1.70503 
  13.94063 -33.16807 -4.205729 26.43253 -32.64059 -32.81941 -26.47594 -9.539991 -30.50274 -11.48404 -0.8594418 12.30582 3.88031 11.86811 2.109189 -0.2889366 -9.444565 5.03958 -3.12501 1.58907 
  16.12058 -17.52707 3.832258 32.9759 -22.21089 -31.66104 -27.97207 -19.9899 -51.69124 -7.778502 -11.20007 0.4726372 -13.09973 -4.134837 -3.507015 -10.984 -19.09803 0.3315773 11.21359 4.835957 
  16.39973 -5.694866 14.6944 31.43628 -29.72861 -44.07546 -44.44391 -21.79854 -38.94125 -0.8399649 -11.37836 -12.293 -16.94036 -18.22825 -14.68191 -12.03844 -7.845126 -4.09395 6.416708 2.806652 
  16.52857 -3.399066 4.918472 24.12311 -19.98341 -33.68819 -47.32005 -10.94671 -28.96846 15.61165 -9.773779 -18.04135 -22.42698 -17.62628 -4.802654 -15.01863 -12.80339 -0.08990192 0.5857453 -0.4982147 
  16.44268 -0.04366493 11.87024 28.35705 -16.08533 -24.13164 -33.51459 -20.9947 -32.54844 28.39313 -10.13035 -25.70582 -23.52431 -22.74891 6.000075 -5.109246 -10.24429 3.281928 10.82984 -1.974201 
  16.55004 3.311735 15.12889 19.50426 -20.26185 -19.49817 -19.99271 -21.19566 -54.29621 14.53872 -17.08353 -11.6543 -16.3917 -28.17371 -8.851529 -7.368766 -7.20535 -2.091926 7.567959 -6.648158 
  16.67888 3.488335 16.2151 24.89292 -25.83053 -21.52531 -26.47594 -24.41102 -47.52329 9.174063 -19.40126 -2.512064 -8.018273 -29.98197 -17.27319 -20.79588 -12.32356 -3.040253 7.184208 -12.7981 
  16.80772 3.664936 15.78062 32.59099 -14.1363 -8.49366 -10.26787 -35.69084 -45.96031 14.71754 -29.0216 -7.853107 3.172062 -14.92799 -5.288519 -20.02558 -15.68238 4.429784 1.906523 -8.370142 
  16.93655 5.968705 21.92951 25.27782 -28.89331 1.642067 -22.2369 -43.76401 -39.70839 33.71094 -25.80147 -12.293 12.19771 -16.27714 0.3799057 -36.20188 -22.57262 -1.143599 9.102962 -5.664167 
  17.04392 9.235593 19.73166 18.73446 -26.10896 -8.783253 -24.4811 -31.65426 -32.29272 32.38149 -32.24172 -16.12524 11.72503 -18.68032 -3.66897 -37.74248 -24.71083 0.01546764 8.33546 -8.124145 
  17.34454 12.20549 23.24822 13.73071 -25.27366 -11.67918 -26.22658 -29.03309 -19.25139 25.0695 -20.11441 -30.17675 -14.19705 -10.28094 0.3799057 -33.89098 -23.10717 -1.986556 3.2273 -5.910165 
  17.49485 12.50248 24.12736 17.96465 -28.058 -16.31265 -19.24464 -37.70913 -21.80852 31.05204 -38.68197 -34.64769 -13.64839 -5.783792 -12.09063 -31.19493 -21.77079 -6.306714 9.678587 -10.09213 
  17.58074 9.829573 22.36908 22.58349 -19.42654 -13.70632 -11.01593 -32.99979 -32.03701 16.68458 -40.61404 -17.40265 -0.9357824 -5.933697 -11.28085 -25.41768 -29.78907 -10.87527 9.870462 -10.09213 
  17.58074 10.72054 28.52306 21.81369 -25.27366 -7.624884 -1.789799 -34.34532 -33.57129 29.05786 -50.91844 -29.53805 8.416224 3.403351 -6.746115 -29.65433 -23.10717 -12.08554 6.416708 -13.53609 
  17.49485 10.12656 30.72091 27.58724 -22.48932 -14.28551 -8.771736 -35.01808 -34.59414 31.05204 -36.74989 -30.81546 -5.893526 -18.22825 7.729358 -14.24833 -28.18542 -10.87527 -0.2318788 -13.2901 
  17.40896 13.39345 30.72091 17.57975 -13.85786 -17.47102 -9.769156 -24.41102 -20.52995 18.42224 -38.68197 -14.84782 -9.859721 -11.33027 -1.563555 -23.10678 -21.77079 -7.57115 1.843628 -14.02809 
  17.23717 5.077736 39.07274 -8.385355 -6.897009 -25.57961 3.553706 -15.16687 -7.744333 15.61165 -30.95367 -29.53805 -7.310024 -22.74891 -5.774384 -20.02558 -7.845126 -18.13688 1.71784 -16.24207 
  16.9795 7.156664 33.35833 -24.16032 -27.50114 -20.36694 14.38354 -6.123674 -3.179824 12.7505 -23.86939 -32.09287 1.897214 -32.69437 -12.25258 -2.548457 -19.63258 -26.30618 3.667559 -15.25808 
  16.52857 10.72054 26.32521 -8.385355 -26.3874 -8.49366 10.96359 2.904898 -5.711405 -9.366589 -27.73354 -28.89934 0.7640152 -9.38151 -15.16777 -10.08019 -13.923 -16.01891 -6.330798 -11.56811 
  16.35678 15.17539 24.12736 -11.15384 -16.92064 -14.86469 -1.789799 -6.927513 -4.445615 -10.95468 -14.23095 -7.22475 0.622365 -33.5985 -19.0547 -13.09288 -18.83075 -12.99324 -4.068423 -6.894156 
  16.55004 16.66034 19.29209 -20.89618 -29.45017 -2.412224 3.553706 -11.14767 -26.66705 -18.36575 -6.921191 -4.240048 -11.41787 -12.37961 -31.94204 -15.78893 -22.57262 -12.69067 -9.235285 -5.418169 
  16.48562 14.8784 12.73922 -25.79239 -31.94836 8.301983 12.10357 -12.55439 -39.19696 0.05414486 -11.55665 14.24237 -1.502382 -20.03652 -26.74576 -16.94438 -15.52244 -9.151695 -8.341597 -4.926174 
  16.33531 9.829573 8.39436 -33.95274 -39.56284 9.402292 25.78336 -20.79374 -45.96031 10.42582 -18.8664 -1.883706 -21.32966 -23.20098 -25.1469 -4.356072 -16.64204 -19.95227 -4.766844 -1.482205 
  16.185 5.671716 -2.467786 -37.21688 -36.10172 15.45399 20.65344 -26.82253 -35.10556 28.39313 -7.277764 13.59686 -14.74572 -8.631985 -14.51995 4.380739 -14.88266 -22.07024 -9.905551 -1.482205 
  16.33531 0.1329346 -11.37474 -40.48103 -44.40842 13.80353 22.36341 -39.72742 -48.04428 20.41642 -14.58752 17.46995 -21.87832 1.909571 -18.24492 9.966845 -21.23624 -25.39848 -7.67133 -12.30611 
  16.59299 -0.2202644 -8.76783 -39.66499 -44.40842 6.65152 -2.039154 -28.63117 -62.63211 41.02293 -29.0216 25.21614 -22.42698 -11.48018 -12.09063 6.608187 -7.365294 -17.83431 -2.244492 -8.370142 
  16.72182 0.1329346 -7.464373 -30.6886 -36.10172 -4.728962 -4.283348 -20.9947 -36.38412 55.6469 -19.75784 -3.925869 -10.56797 -9.38151 11.62024 5.887085 4.414425 -27.21388 3.730453 -6.894156 
  16.63593 -1.103266 -10.07129 -33.13671 -26.94427 -0.09548569 9.823608 -22.80334 -26.92276 34.37567 -39.32599 0.7868166 -12.55107 -14.47828 -2.859194 1.970584 2.231342 -23.58308 3.415983 -5.910165 
  16.61446 -3.575666 -19.10504 -41.29706 -25.83053 14.90384 9.253617 -29.23405 -32.03701 19.75169 -36.10587 -2.354974 -22.42698 -23.20098 -14.358 -7.368766 10.54613 -28.72672 1.277581 -1.236208 
  16.87214 -1.456465 -18.68765 -44.5612 -10.51665 15.45399 14.95353 -26.21965 -28.20133 13.10814 -29.66562 -6.125123 -22.42698 -17.02666 -0.9157333 -7.971305 3.733125 -26.30618 -0.2947731 -1.728204 
  17.06539 1.192535 -20.7746 -47.82534 -16.08533 16.00415 10.3936 -18.9851 -33.827 7.385843 -23.86939 11.01479 -11.98447 -20.48858 0.8122264 -8.12194 -0.8075924 -23.58308 1.906523 -2.220199 
  17.58074 -0.2202644 -27.03548 -56.80173 -19.42654 16.5543 15.52352 -10.74575 -47.52329 23.07532 -4.068604 14.88789 -3.20218 -6.533316 7.297038 -6.314323 2.231342 -8.203368 0.9002161 -1.482205 
  18.06989 -1.809666 -31.2094 -60.8819 -28.61487 23.15616 30.34329 -8.133272 -50.12826 35.04039 -0.1462955 8.955473 5.580109 -9.981129 11.18792 -13.47803 8.842879 -6.622823 -1.049503 0.8933082 
  18.20911 -1.633065 -34.54853 -64.96208 -41.63952 20.95554 14.95353 -12.75535 -47.0023 28.39313 -2.285736 2.671891 4.021961 -1.736359 6.432396 -15.78893 4.755076 -17.22917 -1.615551 0.1975467 
  17.90283 -2.162866 -35.38332 -62.51398 -36.79394 17.10446 19.51346 -16.17167 -27.17848 37.03457 1.993145 16.82443 2.463813 6.390912 6.000075 -11.4359 12.93068 -11.78297 0.6486392 -3.696185 
  17.60221 -2.162866 -29.53983 -49.45741 -28.61487 29.75801 18.94347 -4.315037 -25.6442 24.40478 0.5668526 5.185324 1.188965 -11.63008 -1.887465 -20.02558 20.42499 -9.362434 0.4599571 2.400791 
  17.53779 1.898935 -16.60069 -46.19327 -26.66583 27.55739 21.22343 -20.59278 -43.87634 16.14812 -22.58134 4.399876 -11.55952 -29.07784 -1.4016 -21.18103 12.93068 -17.22917 -5.213688 -1.482205 
  17.38748 4.194736 -9.202316 -42.11309 -34.02504 19.85523 13.24356 -25.21486 -49.08627 2.200008 -15.30067 -8.167287 -19.68367 -28.17371 1.676868 -33.12068 6.798977 -18.43944 -9.011863 -5.172172 
  17.12981 5.671716 -9.636802 -33.13671 -30.28548 33.60909 12.10357 -25.21486 -55.85919 14.00225 -7.277764 -6.125123 -10.85127 -34.50264 -6.422204 -25.03253 11.90873 -11.78297 -9.682129 -1.728204 
  17.00097 7.453654 -10.72302 -39.66499 -28.61487 36.35986 6.973653 -24.21006 -54.29621 15.79047 -14.23095 -0.1557207 -19.13501 -27.26958 10.7556 -14.63348 17.35914 -3.98858 -2.433175 0.4874473 
  16.55004 4.724535 -9.419559 -48.64138 -34.71726 37.46017 -4.033993 -32.99979 -65.75807 -5.131691 -23.86939 -6.753481 -24.07297 -29.07784 1.676868 -16.17408 12.24938 -9.665001 0.2712746 1.93695 
  16.44268 8.047634 -9.419559 -38.84895 -29.45017 26.45708 12.10357 -26.01869 -65.23708 -14.13085 -23.22537 -10.37689 -16.3917 -28.17371 2.97383 -21.56618 8.161578 -10.27014 3.922329 4.082215 
  16.22795 14.28442 -1.816057 -24.97635 -34.71726 24.80662 20.65344 -36.36361 -52.73323 7.385843 -34.17379 -16.12524 -21.87832 -30.8861 13.78185 -6.314323 18.72174 3.071189 6.992333 5.473738 
  16.12058 13.69044 2.528801 -32.32067 -36.79394 28.6577 17.23349 -23.0043 -52.73323 7.385843 -27.73354 0.7868166 -3.06053 -39.92743 1.244547 -10.83336 11.22743 4.734682 1.466264 11.41582 
  15.51934 9.829573 4.918472 -31.50463 -31.25614 16.5543 13.24356 -25.21486 -64.71608 -2.807006 -7.812624 -0.4699001 5.438459 -20.48858 9.890962 1.368045 16.33718 9.91795 4.68983 5.241817 
  15.01152 11.01753 12.95646 -24.97635 -26.66583 13.25337 6.403662 -17.77934 -43.87634 -9.895952 -27.73354 -2.197885 -7.310024 -22.29685 -5.774384 -19.25528 11.56808 4.429784 4.68983 10.09447 
  14.72595 8.344624 8.828844 -21.71221 -19.98341 20.40538 10.96359 -23.0043 -47.0023 -18.36575 -7.456051 -18.68006 0.7640152 -7.132936 -4.964609 -13.86318 10.20548 -4.304689 2.724147 10.09447 
  14.29759 9.532583 8.611601 -20.08014 -17.19907 13.80353 2.983715 -13.35823 -47.0023 -19.95383 -14.76581 -2.040795 -2.352281 -16.12723 -12.25258 -10.08019 4.073775 -1.986556 -1.112397 5.879599 
  13.94063 7.156664 8.39436 -22.52825 -6.340139 27.00724 21.22343 -16.37262 -53.77522 -18.89511 -10.8435 5.970771 3.030412 -17.32647 -17.92101 -2.548457 -2.087144 6.259172 7.376084 1.58907 
  13.51227 4.724535 12.95646 -16.816 -9.124481 20.95554 18.94347 -22.20046 -43.35534 -34.24662 -0.6811562 20.05201 6.525481 -16.12723 -19.3786 0.3136024 1.751511 5.344478 3.922329 0.3714871 
  13.01252 2.958536 16.2151 -17.63203 -1.328325 21.50569 4.123697 -22.60238 -30.24702 -19.42447 -14.23095 18.76098 4.730209 -14.17847 -11.1189 1.066775 0.6319027 8.088561 1.780735 -0.7442122 
  13.44088 1.369135 20.6108 -9.769596 -6.340139 13.25337 -2.039154 -39.05466 -34.08271 -32.65853 -3.890316 0.3155479 -7.310024 -2.785693 -3.183104 7.028019 13.95263 2.755079 1.906523 6.053539 
  13.2981 1.369135 19.29209 -1.464154 -4.3911 9.952447 9.253617 -13.55919 -36.38412 -39.01088 -6.029757 -2.826242 4.58856 -2.635789 -1.563555 14.585 13.27133 1.806752 2.095205 -1.974201 
  13.72645 -3.928866 12.08749 -14.3679 -5.783272 5.55121 10.96359 -10.54479 -30.50274 -27.89427 -6.029757 -0.7840786 5.155159 1.411644 13.34953 17.10399 15.99654 17.5404 9.486712 9.565932 
  13.65506 -2.869266 17.97338 -9.17635 0.3422794 8.852139 9.823608 -15.97071 -37.15126 -34.77598 -6.208044 9.269651 15.50652 7.386765 13.78185 12.90567 15.65588 12.05224 4.114204 2.864632 
  13.86924 -3.752266 23.68779 -3.046144 -2.163628 7.201674 13.24356 -16.37262 -37.66269 -30.54108 -6.208044 10.36928 4.30526 8.880545 13.78185 10.38668 6.117677 6.56407 4.114204 3.560394 
  12.86974 -10.28647 20.6108 8.423275 9.753621 6.101365 -2.537863 -20.39182 -27.94561 -31.07044 -12.26979 4.556965 6.052794 12.36603 6.864717 -2.096553 -0.9675369 -1.565078 -2.621857 7.451779 
  12.94113 -10.46307 19.29209 6.248041 5.926199 2.510845 12.67356 -6.123674 -31.52559 -19.95383 -9.952065 -0.1557207 2.038863 3.901278 5.567754 2.121219 0.7918472 0.8584251 -1.867127 0.02360636 
  12.15581 -8.697067 24.12736 4.666052 8.052545 7.201674 -1.291088 -8.937111 -18.22854 -6.190414 2.624578 6.442039 1.897214 -21.39271 -12.25258 7.447851 6.458327 7.478765 2.095205 -4.680176 
  12.44138 -12.05247 19.73166 9.609768 16.9832 25.35678 10.96359 5.035528 -18.99568 -4.05876 -7.990911 -5.025496 -6.743425 -10.28094 -13.06236 3.7782 11.90873 1.385274 2.849935 0.7773479 
  13.51227 -15.23127 16.2151 15.27032 13.58104 7.201674 -1.540443 -1.782487 -10.55717 9.174063 15.76581 11.66031 9.834283 7.386765 11.62024 -7.519401 -5.765855 -4.726168 -4.766844 -5.418169 
  12.58417 -13.46527 15.34613 8.225527 14.43158 -0.6746674 -5.530123 -4.716955 3.782022 1.127076 8.515476 3.300249 3.738661 -0.6870251 -4.802654 -1.494014 -1.9272 9.003255 7.376084 -1.236208 
  11.15632 -17.35047 21.05037 10.20301 9.328352 2.800438 -8.522381 0.7742683 0.6175468 -17.30702 -9.238918 10.36928 4.58856 -8.18227 1.676868 -7.218132 -8.00507 7.173867 5.265456 -1.236208 
  12.36999 -12.22907 21.92951 15.65523 1.177582 -4.439369 6.973653 2.052646 -0.01534853 -6.190414 -3.71203 2.200623 12.19771 3.901278 -10.30912 -7.820671 4.414425 -2.618774 -3.816846 2.516752 
  12.94113 -15.40787 18.85252 8.027779 3.961926 1.642067 -3.285929 -12.95631 -24.87706 -16.2483 -3.890316 -14.84782 -8.726522 -7.58265 -13.38627 0.7655058 -9.604509 -4.936908 -0.5463498 -0.4982147 
  13.51227 -17.17387 17.09424 6.841288 12.30524 3.350592 -3.535284 5.035528 -2.546929 -2.449362 5.343454 2.357712 6.052794 10.87225 19.83434 10.38668 -0.3277607 7.173867 2.535464 1.299169 
  12.79835 -18.44713 12.08749 2.490818 5.075661 6.101365 -2.288509 -8.736153 -11.83573 -8.307865 1.279999 8.641293 -1.219082 13.36189 14.21417 11.22634 5.095726 12.96693 4.881705 2.342811 
  14.15481 -14.17167 18.85252 11.58725 5.075661 8.852139 10.96359 11.42742 -3.179824 -21.54192 -3.17717 7.541666 -5.610227 11.86811 -5.126564 12.06601 4.073775 5.03958 4.881705 10.09447 
  14.65456 -15.93767 18.85252 19.11936 10.60416 8.852139 17.80348 11.42742 2.516233 -1.912896 5.343454 -1.255347 -1.502382 1.411644 0.8122264 5.284546 10.54613 7.478765 -0.7350323 -3.204189 
  13.08392 -20.28725 14.6944 14.50051 3.126621 8.301983 5.26368 10.14904 4.414918 -1.376431 3.984016 2.357712 -5.185277 4.399204 14.21417 12.06601 13.95263 13.27183 -2.999222 -0.2083141 
  13.01252 -19.36719 18.41295 13.3458 9.328352 7.751829 8.113635 -0.5041092 -11.83573 -8.307865 -5.673183 -12.293 1.472264 9.378472 -3.021149 3.928835 -2.566976 4.734682 7.567959 5.241817 
  13.44088 -21.20731 16.2151 12.576 10.60416 7.201674 2.413724 11.00129 6.313604 1.305898 -0.8594418 6.28495 4.30526 -2.036169 1.676868 8.287516 11.22743 15.71101 8.719211 0.313507 
  12.58417 -22.12737 13.1737 10.40076 11.4547 7.201674 9.823608 15.26255 5.047813 -6.190414 7.156038 1.100996 5.01351 6.390912 -10.14717 5.133911 5.777027 8.698357 0.8373218 -3.696185 
  12.79835 -21.20731 15.78062 8.423275 1.734451 3.350592 11.53358 19.94993 7.579394 -20.4832 -10.66521 3.614429 21.17875 20.83079 3.406151 6.608187 11.90873 9.003255 -1.30108 -2.712194 
  11.2991 -20.28725 12.73922 2.293069 -1.606758 -11.67918 -5.031412 -10.54479 -25.6442 -19.95383 -8.882345 12.30582 -3.06053 0.8120251 15.51113 7.028019 3.733125 6.56407 5.457331 2.168871 
  11.72746 -16.82067 12.30473 -0.07991409 5.926199 -0.9642601 7.543644 0.7742683 0.6175468 -8.837227 -6.029757 1.258085 7.943539 -15.67752 -13.06236 6.03772 2.391287 -3.250993 -1.049503 6.865261 
  11.94164 -18.44713 8.177116 5.457047 4.518791 -3.281 16.6635 9.722913 4.414918 12.92932 0.3885651 -2.826242 -0.652483 2.905424 5.567754 1.819949 1.271679 0.01546764 -3.12501 0.8353281 
  10.58517 -21.20731 11.43576 5.259298 8.477814 6.101365 0.7037506 1.200394 -1.914034 -15.18957 -34.17379 -19.95747 2.463813 9.876399 6.000075 8.287516 12.93068 4.124886 -0.5463498 0.1975467 
  12.2986 -18.44713 10.56679 7.434532 12.30524 12.70322 13.81355 1.200394 5.047813 5.061158 -3.71203 1.572264 -0.5108337 11.37018 -4.964609 6.608187 4.755076 -1.038229 1.654946 5.357778 
  12.51278 -16.29087 4.266744 5.852545 6.776737 7.201674 11.53358 2.904898 10.11098 9.352884 2.171432 6.756218 13.14309 6.390912 0.8122264 -1.343379 1.111734 2.017492 5.07358 -3.942183 
  12.65556 -18.44713 4.483986 3.479561 9.328352 14.35368 12.67356 14.4103 4.414918 1.305898 8.968622 12.30582 5.580109 -8.032365 -10.47108 -13.09288 -6.40563 0.3315773 -0.1060905 1.125229 
  10.65657 -17.52707 10.78403 0.9088287 2.012886 5.55121 5.26368 0.3481426 -1.281139 -0.3034992 -2.998882 -5.810944 -14.19705 -12.37961 -5.774384 2.271852 2.711174 5.03958 2.409676 4.256155 
  12.08442 -20.28725 9.046087 0.7110806 -0.7714558 9.952447 1.843733 -6.324635 8.21229 18.42224 11.6875 8.955473 0.9056644 6.888838 -1.07769 0.7655058 2.711174 -3.567101 1.088899 6.169499 
  13.2267 -16.64407 11.87024 2.688566 11.02943 14.35368 2.983715 -2.634739 0.6175468 0.05414486 -12.26979 -4.082959 -0.7941332 12.36603 9.890962 13.3255 6.117677 -3.356362 -0.1060905 3.212513 
  12.79835 -16.99727 11.43576 2.095321 10.60416 12.15306 14.95353 9.722913 6.946499 2.736474 -3.71203 3.614429 6.998167 23.32042 15.51113 2.573122 -5.765855 -6.095974 2.47257 0.313507 
  14.01202 -18.44713 9.26333 4.468304 19.96008 24.25647 16.09351 4.183276 10.11098 13.10814 -1.750875 -0.9411678 -2.068981 0.8120251 4.703113 6.188354 9.524179 7.783663 1.71784 0.6034076 
  13.08392 -17.52707 10.1323 10.20301 21.23589 11.60291 5.26368 -2.634739 1.250442 -1.555253 9.874913 19.4065 8.888911 12.86396 10.32328 7.447851 18.72174 3.492667 2.158099 2.226851 
  12.79835 -14.70147 14.91165 6.643538 17.40846 11.60291 5.26368 -3.48699 6.313604 -0.3034992 4.437162 3.614429 -6.743425 8.880545 -0.1059589 4.230104 -0.6476479 1.490644 1.088899 8.244586 
  12.65556 -13.11207 19.29209 10.59851 12.7305 17.65461 -5.530123 -2.208613 14.54124 12.92932 2.624578 4.399876 -9.009822 1.909571 8.161679 10.38668 -0.3277607 2.333601 -0.8608205 2.400791 
  14.58316 -13.46527 17.53381 17.19484 10.17889 14.90384 8.683626 1.626521 3.782022 3.809405 13.50008 13.59686 5.01351 -5.633886 -6.90807 15.42466 14.63393 3.387298 3.922329 5.067877 
  14.65456 -10.99287 20.17123 15.65523 16.9832 -0.9642601 0.7037506 10.14904 -1.281139 4.524693 7.156038 7.698755 9.834283 13.85981 -1.239645 4.682007 5.095726 6.56407 -3.816846 2.516752 
  13.94063 -14.34827 16.65467 9.412018 11.87997 10.5026 3.553706 4.183276 5.680709 12.57168 -5.494897 -2.669153 -1.360732 12.36603 8.594 15.00483 9.18353 5.954274 0.7115335 1.82099 
  14.2262 -19.36719 12.95646 13.3458 8.477814 11.05276 2.983715 -4.716955 9.47808 12.7505 -0.5028687 -1.255347 -5.185277 11.86811 9.458641 13.74534 18.04044 9.308153 1.403369 0.5454274 
  14.15481 -19.36719 12.73922 2.293069 8.052545 6.65152 1.843733 16.1148 32.8952 27.72841 -1.037729 9.426741 12.6704 4.897131 -1.4016 -3.6029 3.392475 7.478765 5.265456 -4.434178 
  13.2981 -12.58227 17.53381 6.841288 14.43158 1.93166 -2.787218 13.13192 11.37677 4.167049 8.968622 -2.826242 -8.018273 0.8120251 6.000075 11.64617 7.139628 0.2262068 1.466264 8.773125 
  15.2402 -15.58447 17.53381 10.59851 14.85685 7.201674 5.83367 5.461653 22.13598 24.40478 0.2102776 -0.9411678 -4.618678 12.86396 14.64649 3.476931 0.152071 5.649376 -1.049503 4.024235 
  15.19725 -16.29087 17.53381 12.1805 6.351468 2.221252 9.253617 15.68867 1.250442 -6.190414 0.9234257 10.0551 4.58856 5.892985 0.8122264 0.01233292 6.458327 8.088561 9.102962 6.923241 
  12.36999 -17.35047 10.78403 -0.2776623 5.926199 12.70322 2.413724 3.75715 4.414918 -0.4823208 -5.85147 -5.339675 6.998167 -2.186073 -6.746115 2.271852 12.59003 6.259172 0.08259201 2.980592 ]

